%  columns="iteration, evaluation, sigma, axis ratio, bestever, best, median, worst fitness function value, further objective values of best" (startseed=212017, 2014/10/30 11:44:11.17)
1 11 2.844324e-01 1.108788e+00  3.079248547508460021e+01  3.079248547508460021e+01  5.195010462875601576e+01  6.114889298772688164e+01
2 21 2.935580e-01 1.185257e+00  2.433806158722039115e+01  2.433806158722039115e+01  3.610316279278763574e+01  5.376647558768083002e+01
3 31 2.948361e-01 1.214125e+00  2.131316934047725198e+01  2.131316934047725198e+01  3.317244334173088305e+01  4.681916290319554008e+01
4 41 2.637912e-01 1.228905e+00  1.709217576772922698e+01  1.709217576772922698e+01  3.116520541308638315e+01  3.942162717349160772e+01
5 51 2.418377e-01 1.237785e+00  1.273392488407311518e+01  1.273392488407311518e+01  2.702955150012152785e+01  3.472752316063052547e+01
6 61 2.503028e-01 1.284136e+00  1.273392488407311518e+01  2.142738509924702583e+01  2.450717964009554706e+01  3.551854468553284505e+01
7 71 2.432706e-01 1.300890e+00  1.273392488407311518e+01  1.936990297013015194e+01  2.592738214248504391e+01  3.269198381777684403e+01
8 81 2.323217e-01 1.315120e+00  1.273392488407311518e+01  1.802378463377215567e+01  2.662179906191062884e+01  3.412074330540271916e+01
9 91 2.084449e-01 1.331357e+00  1.273392488407311518e+01  1.821148155826201176e+01  2.287334298781955511e+01  2.887786558647386315e+01
10 101 1.957881e-01 1.335014e+00  1.273392488407311518e+01  1.729356200733869287e+01  2.572052981624615597e+01  2.875164288330647366e+01
11 111 1.879384e-01 1.344577e+00  1.176994190134045049e+01  1.176994190134045049e+01  2.119674196129308541e+01  2.971511175497686352e+01
12 121 1.841376e-01 1.376259e+00  1.176994190134045049e+01  1.337369611199417996e+01  1.931634018238564821e+01  2.938340657059865890e+01
13 131 1.758315e-01 1.414146e+00  1.176994190134045049e+01  1.283214150061089853e+01  1.752800474438659251e+01  2.792027303165567176e+01
14 141 1.655149e-01 1.423795e+00  1.086470021291035870e+01  1.086470021291035870e+01  1.821254859944362892e+01  3.021767971354326932e+01
15 151 1.529972e-01 1.433971e+00  8.650261692938300939e+00  8.650261692938300939e+00  1.569783783976534153e+01  2.216212180958435951e+01
16 161 1.427592e-01 1.486307e+00  8.650261692938300939e+00  1.161473835411756994e+01  1.422949347357636540e+01  1.990786355877135705e+01
17 171 1.344552e-01 1.486303e+00  8.650261692938300939e+00  9.782722777515967749e+00  1.538392773788597445e+01  2.284138146736344410e+01
18 181 1.271225e-01 1.516610e+00  8.650261692938300939e+00  1.011671826912729344e+01  1.302114142141073572e+01  1.582880897841810786e+01
19 191 1.111632e-01 1.526654e+00  8.650261692938300939e+00  1.047307781604461674e+01  1.304049176793576947e+01  1.835940180610190353e+01
20 201 9.663226e-02 1.531830e+00  8.639587514869768725e+00  8.639587514869768725e+00  1.147326662910678685e+01  1.541320144028711248e+01
21 211 9.233841e-02 1.566028e+00  8.639587514869768725e+00  1.037825097181356249e+01  1.128434897413295346e+01  1.472315505765444499e+01
22 221 8.414307e-02 1.563716e+00  7.940348471131504660e+00  7.940348471131504660e+00  1.122405175228546170e+01  1.529269515655007261e+01
23 231 7.616704e-02 1.582297e+00  6.856708183366976073e+00  6.856708183366976073e+00  9.820536636318998092e+00  1.210990617545438219e+01
24 241 7.408374e-02 1.592786e+00  6.296519310167042249e+00  6.296519310167042249e+00  7.952182644102165909e+00  9.851867171536856205e+00
25 251 6.922688e-02 1.590304e+00  6.296519310167042249e+00  6.315581600338199486e+00  7.932050667330344140e+00  1.037757342582480824e+01
26 261 6.443719e-02 1.603118e+00  5.260821492148377132e+00  5.260821492148377132e+00  7.350973115039341366e+00  1.000912049500712442e+01
27 271 6.843725e-02 1.610781e+00  5.260821492148377132e+00  5.778482907446823802e+00  7.708004109499019485e+00  9.301904679543245180e+00
28 281 7.842636e-02 1.606601e+00  5.260821492148377132e+00  5.401904653123727584e+00  7.444805970350678592e+00  9.409497908175858072e+00
29 291 7.766631e-02 1.633678e+00  5.260821492148377132e+00  5.339786883128584627e+00  7.216324435111220126e+00  8.705753952628020542e+00
30 301 7.540351e-02 1.657809e+00  4.531745902315419627e+00  4.531745902315419627e+00  6.258884448995175376e+00  1.007926004659777952e+01
31 311 7.283609e-02 1.663197e+00  4.531745902315419627e+00  5.581604877543484555e+00  6.432548129840826689e+00  8.568217397290025517e+00
32 321 6.690070e-02 1.686105e+00  4.423145231904902275e+00  4.423145231904902275e+00  7.562102975868893573e+00  9.434694559300007555e+00
33 331 6.020300e-02 1.674224e+00  4.423145231904902275e+00  4.547279231571916824e+00  5.914148446801421599e+00  7.106692301560613600e+00
34 341 5.394120e-02 1.688339e+00  4.418866312185603995e+00  4.418866312185603995e+00  5.177023687610089020e+00  7.736344878324852736e+00
35 351 5.228719e-02 1.720045e+00  3.646440662578728897e+00  3.646440662578728897e+00  5.151239959370533583e+00  7.675965538723906967e+00
36 361 5.099745e-02 1.726004e+00  3.620254843370167563e+00  3.620254843370167563e+00  4.644127424853360608e+00  6.184134362245623073e+00
37 371 4.983958e-02 1.730248e+00  3.022273298817856446e+00  3.022273298817856446e+00  5.201442270526561273e+00  7.229838937386707798e+00
38 381 4.580717e-02 1.701323e+00  3.022273298817856446e+00  3.819314101285486540e+00  4.577383781467409207e+00  7.230639507718131576e+00
39 391 4.546723e-02 1.710189e+00  2.745104517140275480e+00  2.745104517140275480e+00  4.517293251756711925e+00  6.718088106830787609e+00
40 401 4.392594e-02 1.707092e+00  2.745104517140275480e+00  2.810030052062960415e+00  4.270880085082081834e+00  6.258474057056260698e+00
41 411 4.263293e-02 1.718358e+00  2.745104517140275480e+00  2.972274671603652330e+00  3.395715683233147431e+00  4.960055626373425675e+00
42 421 4.234797e-02 1.733121e+00  2.745104517140275480e+00  3.194467250256203705e+00  3.879293625806157664e+00  4.531607270928747155e+00
43 431 3.893405e-02 1.720778e+00  2.745104517140275480e+00  3.287167305691294672e+00  4.508888389440896205e+00  5.333013094499029272e+00
44 441 3.377924e-02 1.707934e+00  2.657869906241626445e+00  2.657869906241626445e+00  3.669514851434310998e+00  5.838742345808538126e+00
45 451 3.145474e-02 1.771471e+00  2.140991274240942488e+00  2.140991274240942488e+00  3.138174343171272973e+00  4.033693289163199580e+00
46 461 3.007999e-02 1.812435e+00  2.140991274240942488e+00  2.482975591101503010e+00  2.852348192448785902e+00  3.968734038385060003e+00
47 471 2.776133e-02 1.817663e+00  2.140991274240942488e+00  2.374539107660517789e+00  3.058757161740339292e+00  3.771471193836947844e+00
48 481 2.638589e-02 1.799417e+00  2.013788771166489244e+00  2.013788771166489244e+00  2.669423006980226276e+00  3.693166990710922359e+00
49 491 2.689066e-02 1.973794e+00  2.013788771166489244e+00  2.364759246053316666e+00  2.759498964506073904e+00  3.174857220615193043e+00
50 501 2.748431e-02 2.102506e+00  2.013788771166489244e+00  2.640066521036489533e+00  3.234724572858463709e+00  4.275130712012937373e+00
51 511 2.784856e-02 2.183388e+00  1.713814740416471416e+00  1.713814740416471416e+00  3.107096135880718535e+00  3.999847765138518252e+00
52 521 2.652594e-02 2.192739e+00  1.713814740416471416e+00  2.064538452096022159e+00  2.652466748197563895e+00  3.889749150655940291e+00
53 531 2.653708e-02 2.209969e+00  1.662772658691646699e+00  1.662772658691646699e+00  2.262614375502252084e+00  2.925231417825319369e+00
54 541 2.508307e-02 2.211599e+00  1.662772658691646699e+00  1.894328420958442560e+00  2.262953168587067410e+00  3.357396976634091867e+00
55 551 2.240075e-02 2.235130e+00  1.608743191709509635e+00  1.608743191709509635e+00  2.143777791679101874e+00  3.198336149690081509e+00
56 561 1.911627e-02 2.237957e+00  1.483827635682377633e+00  1.483827635682377633e+00  1.909106054348583603e+00  2.420495221832049015e+00
57 571 1.883107e-02 2.372013e+00  1.301082341011267740e+00  1.301082341011267740e+00  1.868603335741634730e+00  2.711810424677909559e+00
58 581 1.849578e-02 2.454271e+00  1.198045722636232657e+00  1.198045722636232657e+00  1.694651274444159528e+00  2.050727359949819473e+00
59 591 1.762339e-02 2.490228e+00  1.179005236479097718e+00  1.179005236479097718e+00  1.763602794975988264e+00  2.556569085951426956e+00
60 601 1.693984e-02 2.547910e+00  1.127784545051025322e+00  1.127784545051025322e+00  1.404477330300048843e+00  1.860063854502253644e+00
61 611 1.594196e-02 2.544515e+00  9.796408750142556743e-01  9.796408750142556743e-01  1.357165033756954742e+00  1.752395218756402695e+00
62 621 1.502045e-02 2.619170e+00  9.796408750142556743e-01  1.074983390671368388e+00  1.444085295724315321e+00  1.560869035100020508e+00
63 631 1.393056e-02 2.618121e+00  9.796408750142556743e-01  1.133618369767773970e+00  1.428731793380419113e+00  1.823490419675322105e+00
64 641 1.311147e-02 2.619018e+00  9.796408750142556743e-01  9.809997963555697753e-01  1.247084060755382362e+00  1.579110448358266305e+00
65 651 1.155703e-02 2.615167e+00  9.796408750142556743e-01  1.071683692142829436e+00  1.230930578623809390e+00  1.392082870681377482e+00
66 661 1.116163e-02 2.639529e+00  9.093759969213007777e-01  9.093759969213007777e-01  1.057431148912927332e+00  1.362352101770587964e+00
67 671 9.908815e-03 2.700337e+00  8.090451206272601947e-01  8.090451206272601947e-01  1.104895128259195447e+00  1.268732092941609935e+00
68 681 9.150377e-03 2.738534e+00  8.090451206272601947e-01  8.665751324181074633e-01  9.962274889639406439e-01  1.241263892460313212e+00
69 691 7.796590e-03 2.733852e+00  7.962580764198263772e-01  7.962580764198263772e-01  9.243966293246845822e-01  1.079513105663900685e+00
70 701 7.134708e-03 2.785004e+00  7.468936437707414111e-01  7.468936437707414111e-01  9.504479881185317058e-01  1.143587605172625477e+00
71 711 6.715283e-03 2.815265e+00  6.462992222127478259e-01  6.462992222127478259e-01  8.929569668278657391e-01  9.893765180017781713e-01
72 721 6.421175e-03 2.822539e+00  6.462992222127478259e-01  6.740072046605238842e-01  7.724656399300076082e-01  9.371817469626820829e-01
73 731 6.167506e-03 2.830333e+00  6.277040443912145218e-01  6.277040443912145218e-01  7.644920177401606232e-01  8.657052310414757867e-01
74 741 6.195840e-03 2.753261e+00  6.048477905799810594e-01  6.048477905799810594e-01  7.161946557328502383e-01  9.335727411339775905e-01
75 751 6.139083e-03 2.748653e+00  6.048477905799810594e-01  6.589118639354957230e-01  6.961407672597182961e-01  7.921267673171187296e-01
76 761 6.178270e-03 2.801043e+00  6.048477905799810594e-01  6.181262312815671844e-01  7.067902618104464629e-01  8.203867038585784810e-01
77 771 6.295335e-03 2.838943e+00  5.225097814067417579e-01  5.225097814067417579e-01  6.318413511218987644e-01  8.757427656786043180e-01
78 781 6.765669e-03 2.992911e+00  5.011690782991155002e-01  5.011690782991155002e-01  6.112514697458144575e-01  7.318520312243983472e-01
79 791 7.118000e-03 3.053863e+00  4.922352038693960652e-01  4.922352038693960652e-01  5.609833811540441140e-01  6.447067573347947667e-01
80 801 7.097171e-03 3.078408e+00  4.922352038693960652e-01  5.353067248300257264e-01  5.772242932142208627e-01  6.760717774744950948e-01
81 811 7.446414e-03 3.208711e+00  3.915697470819085035e-01  3.915697470819085035e-01  5.910262184265658858e-01  8.134797204953827521e-01
82 821 8.119987e-03 3.442939e+00  3.915697470819085035e-01  4.151960240107435696e-01  5.748078748911096270e-01  7.268774276413101365e-01
83 831 7.563649e-03 3.498277e+00  3.871314500825555616e-01  3.871314500825555616e-01  5.672417539992697932e-01  7.899558114290077260e-01
84 841 7.616535e-03 3.571841e+00  3.654118391314208347e-01  3.654118391314208347e-01  4.827419662435261660e-01  6.715748673599424290e-01
85 851 7.478610e-03 3.696794e+00  3.361806769478816737e-01  3.361806769478816737e-01  5.169709858224653676e-01  6.305459025457472721e-01
86 861 7.500180e-03 3.809182e+00  3.155260078673704505e-01  3.155260078673704505e-01  4.222430416151059518e-01  7.766806389545619638e-01
87 871 7.177360e-03 3.913066e+00  2.090272033857171752e-01  2.090272033857171752e-01  4.809020570661243776e-01  6.298766839211328294e-01
88 881 7.018028e-03 4.058856e+00  2.090272033857171752e-01  2.634249133232824946e-01  3.929302339236664943e-01  6.357339674873055957e-01
89 891 6.995100e-03 4.196168e+00  2.090272033857171752e-01  2.744535449179195674e-01  4.192907905730418605e-01  5.005602496625072284e-01
90 901 6.752471e-03 4.195733e+00  2.090272033857171752e-01  3.545281858811519249e-01  4.017025165727617919e-01  5.355323945067925751e-01
91 911 6.410623e-03 4.270951e+00  2.090272033857171752e-01  2.621644665780544226e-01  4.208206217595717447e-01  4.963489201124815509e-01
92 921 5.795945e-03 4.316133e+00  1.968112310665917908e-01  1.968112310665917908e-01  3.914657122690512470e-01  6.070325248740471302e-01
93 931 5.289117e-03 4.377150e+00  1.968112310665917908e-01  2.044496631143741250e-01  3.455345246327813924e-01  4.143490085651372334e-01
94 941 5.049067e-03 4.406387e+00  1.815409870031369222e-01  1.815409870031369222e-01  3.328405565259618948e-01  3.514036245897259603e-01
95 951 4.521288e-03 4.435054e+00  1.815409870031369222e-01  2.111133635230266203e-01  3.080524354015699573e-01  4.681535419039488111e-01
96 961 4.381244e-03 4.483370e+00  1.815409870031369222e-01  2.085099058047150677e-01  2.394311008946437558e-01  3.704447474008949470e-01
97 971 3.994733e-03 4.482105e+00  1.399387302264933353e-01  1.399387302264933353e-01  2.410819687882991280e-01  3.083872385964107621e-01
98 981 3.921431e-03 4.442919e+00  1.399387302264933353e-01  2.015101451830985102e-01  2.620442243955105055e-01  3.428077686577024608e-01
99 991 3.538087e-03 4.387269e+00  1.399387302264933353e-01  1.527004037177082663e-01  2.393983629533815716e-01  4.514592525515895294e-01
100 1001 3.265574e-03 4.426500e+00  1.399387302264933353e-01  1.433361639989521041e-01  2.136845677302804669e-01  2.516419827256738406e-01
101 1011 3.092151e-03 4.398732e+00  1.240220705421904018e-01  1.240220705421904018e-01  2.054006263728824222e-01  2.889907775917693877e-01
102 1021 3.192384e-03 4.375522e+00  1.240220705421904018e-01  1.520975810360494507e-01  1.727799555810012322e-01  2.589092855872423549e-01
103 1031 2.887074e-03 4.364220e+00  7.803322309719927519e-02  7.803322309719927519e-02  1.870942393549498151e-01  2.171615693673906722e-01
104 1041 2.797030e-03 4.366886e+00  6.739685715316677539e-02  6.739685715316677539e-02  1.594796908942631153e-01  2.062878140089068890e-01
105 1051 2.706889e-03 4.341661e+00  6.739685715316677539e-02  9.904541411761930148e-02  1.447169099607928666e-01  2.021341959337263627e-01
106 1061 2.522914e-03 4.385974e+00  6.739685715316677539e-02  1.022581503855354845e-01  1.313776110619608861e-01  1.909589685038406426e-01
107 1071 2.352589e-03 4.384277e+00  6.739685715316677539e-02  1.024468774742147148e-01  1.463073965631531970e-01  1.756350082235509924e-01
108 1081 2.195506e-03 4.379306e+00  6.739685715316677539e-02  1.040619881702287003e-01  1.491375761194448646e-01  1.777753700246537394e-01
109 1091 2.104431e-03 4.515246e+00  6.739685715316677539e-02  1.089270163527735480e-01  1.324696280897757483e-01  1.519864827014731357e-01
110 1101 1.903774e-03 4.578670e+00  6.739685715316677539e-02  9.444827189483370744e-02  1.149894264979387792e-01  1.631696539603866292e-01
111 1111 1.784449e-03 4.728550e+00  6.739685715316677539e-02  7.455226078966516179e-02  1.170200194134965177e-01  1.472422874154338812e-01
112 1121 1.620337e-03 4.748966e+00  6.739685715316677539e-02  7.973513721787517383e-02  1.151019621734387099e-01  1.289203007056858308e-01
113 1131 1.584900e-03 4.790301e+00  6.739685715316677539e-02  7.692603103362467831e-02  1.062735585153543882e-01  1.453577655987323136e-01
114 1141 1.535232e-03 4.785993e+00  6.739685715316677539e-02  7.315704731937326677e-02  1.038215710519828361e-01  1.308547325828898489e-01
115 1151 1.512959e-03 4.803844e+00  4.370034155217168009e-02  4.370034155217168009e-02  8.119975683671451505e-02  9.942085077144949268e-02
116 1161 1.402997e-03 4.744232e+00  4.370034155217168009e-02  5.281401515861240681e-02  7.541924485304001002e-02  9.857031991176644359e-02
117 1171 1.363478e-03 4.811040e+00  4.370034155217168009e-02  5.935321483072253379e-02  6.893931395388848415e-02  8.898743168377264146e-02
118 1181 1.295791e-03 4.824026e+00  4.370034155217168009e-02  5.063185391347189979e-02  6.981132328466493897e-02  1.082094441295616133e-01
119 1191 1.224021e-03 4.958471e+00  4.370034155217168009e-02  4.767065725012525901e-02  7.339517184403238081e-02  8.218165534949552209e-02
120 1201 1.209816e-03 4.994530e+00  4.370034155217168009e-02  5.564407407503180886e-02  7.611395013484954786e-02  9.762116992066602328e-02
121 1211 1.115978e-03 4.987462e+00  4.370034155217168009e-02  4.444136511062025952e-02  6.756863535526987097e-02  8.086099361077880854e-02
122 1221 1.096887e-03 5.000836e+00  4.370034155217168009e-02  4.821583991947872572e-02  5.587853650840519937e-02  6.941222351088024989e-02
123 1231 1.018732e-03 4.993060e+00  4.370034155217168009e-02  4.575122440302657745e-02  5.970622143238564494e-02  8.192383389617122202e-02
124 1241 9.323576e-04 5.054259e+00  3.945182878731585963e-02  3.945182878731585963e-02  5.060271995175567861e-02  6.488111966265130981e-02
125 1251 9.270276e-04 4.986676e+00  3.062662410231522386e-02  3.062662410231522386e-02  5.102573290516594640e-02  7.006149884427249896e-02
126 1261 9.237422e-04 4.838325e+00  3.062662410231522386e-02  3.381881966049168908e-02  4.296086895395023059e-02  6.026599426227667589e-02
127 1271 8.440863e-04 4.798817e+00  3.062662410231522386e-02  3.144195837339003319e-02  5.067285899332027443e-02  6.009005803033501403e-02
128 1281 7.750502e-04 4.830173e+00  2.841285971534674923e-02  2.841285971534674923e-02  4.229591133123383750e-02  4.902960094381666328e-02
129 1291 7.202668e-04 4.804570e+00  2.831276692293603625e-02  2.831276692293603625e-02  3.704333818898032649e-02  4.759201496727338832e-02
130 1301 6.709798e-04 4.826033e+00  2.831276692293603625e-02  3.160655007644726927e-02  4.026547365427101538e-02  5.366387359999194584e-02
131 1311 6.195222e-04 4.836626e+00  2.831276692293603625e-02  2.924780227765089169e-02  3.452061943969067515e-02  4.418023308383051129e-02
132 1321 5.909284e-04 4.801255e+00  2.831276692293603625e-02  3.015541426449431725e-02  3.321287504025005610e-02  4.167699484663033027e-02
133 1331 5.147588e-04 4.788056e+00  2.693275545956379941e-02  2.693275545956379941e-02  3.026057642988807736e-02  3.873234924766675441e-02
134 1341 4.753829e-04 4.760401e+00  2.539152933840375589e-02  2.539152933840375589e-02  3.014798906074340340e-02  3.586554732326648065e-02
135 1351 4.286704e-04 4.741637e+00  2.383437465575487246e-02  2.383437465575487246e-02  2.677226619002696928e-02  3.533147951897441796e-02
136 1361 4.049413e-04 4.730940e+00  2.275715143869638801e-02  2.275715143869638801e-02  2.579952357919900255e-02  3.131575719579311745e-02
137 1371 3.952704e-04 4.729659e+00  2.145349413738695254e-02  2.145349413738695254e-02  2.570739268187640508e-02  2.926444580454172495e-02
138 1381 3.870838e-04 4.739411e+00  2.145349413738695254e-02  2.157252873773556068e-02  2.397908773000748117e-02  3.009635112128310891e-02
139 1391 3.921912e-04 4.768681e+00  2.145349413738695254e-02  2.314601541220638603e-02  2.430840919673301487e-02  2.738400904173839828e-02
140 1401 3.899649e-04 4.788299e+00  2.145349413738695254e-02  2.295855660356158068e-02  2.480380926417614929e-02  3.106195794239605470e-02
141 1411 3.766291e-04 4.943830e+00  2.145349413738695254e-02  2.245032441428752509e-02  2.453080174172303160e-02  2.596284183878528468e-02
142 1421 3.408123e-04 4.972013e+00  2.124214438437900532e-02  2.124214438437900532e-02  2.431545352481531697e-02  2.711614120192159388e-02
143 1431 3.167810e-04 4.988039e+00  2.124214438437900532e-02  2.136404755749930773e-02  2.370126463776145442e-02  2.575502852307360799e-02
144 1441 2.919737e-04 5.015035e+00  2.124214438437900532e-02  2.214040337862246965e-02  2.262287371238743197e-02  2.456376270089366196e-02
145 1451 2.737404e-04 5.044247e+00  2.124214438437900532e-02  2.197824468237477569e-02  2.356548220247122946e-02  2.429935696157247554e-02
146 1461 2.674485e-04 5.071331e+00  2.124214438437900532e-02  2.217653666345448943e-02  2.396831420324213591e-02  2.623385751377665248e-02
147 1471 2.507207e-04 5.140474e+00  2.124214438437900532e-02  2.196018920278011016e-02  2.346994345703328627e-02  2.593673322054761837e-02
148 1481 2.213378e-04 5.068364e+00  2.124214438437900532e-02  2.128281297132206956e-02  2.273504340192557607e-02  2.488496508112578859e-02
149 1491 2.038870e-04 5.085571e+00  2.124214438437900532e-02  2.185940261568135312e-02  2.254721049740640235e-02  2.348664901277007847e-02
150 1501 1.933924e-04 5.107557e+00  2.124214438437900532e-02  2.182551341926481855e-02  2.247334042346992716e-02  2.441712523148067970e-02
151 1511 1.847174e-04 5.097506e+00  2.124214438437900532e-02  2.190337610463725243e-02  2.304019942279240257e-02  2.443216208738735809e-02
152 1521 1.835230e-04 5.116909e+00  2.124214438437900532e-02  2.156699986114393383e-02  2.252756326110312568e-02  2.425936430109877986e-02
153 1531 1.752507e-04 5.090886e+00  2.124214438437900532e-02  2.136121337114751939e-02  2.195178302251796221e-02  2.243418847756028373e-02
154 1541 1.733385e-04 4.980268e+00  2.124214438437900532e-02  2.130671478223165882e-02  2.224328513916709604e-02  2.330125917720862055e-02
155 1551 1.676873e-04 4.884608e+00  2.114065549663321497e-02  2.114065549663321497e-02  2.162662947514748524e-02  2.317770295235203892e-02
156 1561 1.553290e-04 4.864394e+00  2.089492243916771935e-02  2.089492243916771935e-02  2.165496832024876861e-02  2.260436425232092983e-02
157 1571 1.402443e-04 4.836306e+00  2.089492243916771935e-02  2.099932296408318563e-02  2.141061378299970869e-02  2.333389500287066584e-02
158 1581 1.300428e-04 4.781070e+00  2.089492243916771935e-02  2.090813663891595217e-02  2.117227027168314818e-02  2.215905642516065310e-02
159 1591 1.241773e-04 4.677379e+00  2.088328858194807638e-02  2.088328858194807638e-02  2.111439774005608588e-02  2.170761149639815341e-02
160 1601 1.174357e-04 4.616145e+00  2.079268723446062866e-02  2.079268723446062866e-02  2.117594885993095977e-02  2.146832420556153698e-02
161 1611 1.087514e-04 4.605019e+00  2.079268723446062866e-02  2.093745133989544441e-02  2.114831146832944070e-02  2.149477936778313586e-02
162 1621 1.025787e-04 4.561029e+00  2.079268723446062866e-02  2.097756235396081026e-02  2.116851236713494094e-02  2.165700461381001377e-02
163 1631 9.119526e-05 4.531486e+00  2.079268723446062866e-02  2.092967678509149998e-02  2.109582911984259762e-02  2.147474387970255139e-02
164 1641 8.726005e-05 4.564422e+00  2.079268723446062866e-02  2.091839521700660648e-02  2.102769011650232334e-02  2.126170900327997021e-02
165 1651 8.312362e-05 4.593767e+00  2.074656775408826453e-02  2.074656775408826453e-02  2.100682160110026869e-02  2.114858773500390490e-02
166 1661 8.476487e-05 4.614724e+00  2.073693096182576551e-02  2.073693096182576551e-02  2.080827348009831046e-02  2.109519538408727302e-02
167 1671 8.278157e-05 4.602487e+00  2.067245312269452157e-02  2.067245312269452157e-02  2.091287149520568503e-02  2.109131497505936995e-02
168 1681 7.662654e-05 4.542211e+00  2.067245312269452157e-02  2.072241077314196378e-02  2.085418292460877385e-02  2.097831765764590975e-02
169 1691 7.082805e-05 4.560928e+00  2.063219666235811128e-02  2.063219666235811128e-02  2.077920702578044815e-02  2.118023124662333362e-02
170 1701 6.599071e-05 4.603585e+00  2.059629966207559768e-02  2.059629966207559768e-02  2.074326063715051932e-02  2.088482444319197939e-02
171 1711 6.382854e-05 4.743473e+00  2.050466413016872880e-02  2.050466413016872880e-02  2.064654147577184296e-02  2.084303667855955458e-02
172 1721 6.001106e-05 4.727151e+00  2.050466413016872880e-02  2.051899450381615073e-02  2.064858159219615241e-02  2.114300556238913470e-02
173 1731 5.920788e-05 4.826505e+00  2.046604231542386437e-02  2.046604231542386437e-02  2.059343990251358975e-02  2.085832092308986807e-02
174 1741 5.638636e-05 4.848274e+00  2.046604231542386437e-02  2.053585660921533607e-02  2.059138810971034711e-02  2.085947503748431658e-02
175 1751 5.414817e-05 4.820201e+00  2.046604231542386437e-02  2.051101879892727742e-02  2.063038275811917774e-02  2.076058599388234949e-02
176 1761 4.683715e-05 4.835928e+00  2.044462900542002443e-02  2.044462900542002443e-02  2.065603864602121378e-02  2.086022265814969565e-02
177 1771 4.453010e-05 4.807951e+00  2.044462900542002443e-02  2.048363684897974712e-02  2.052642097302281171e-02  2.079288706239545287e-02
178 1781 4.385227e-05 4.811423e+00  2.044462900542002443e-02  2.049727746595021022e-02  2.054525037972987703e-02  2.064012265293535542e-02
179 1791 4.333633e-05 4.753601e+00  2.044462900542002443e-02  2.048283878045922476e-02  2.058234541050456279e-02  2.081022090727371529e-02
180 1801 4.118115e-05 4.688814e+00  2.044103160173055267e-02  2.044103160173055267e-02  2.053417976939699019e-02  2.063076727808686728e-02
181 1811 3.577954e-05 4.633889e+00  2.044103160173055267e-02  2.045512077384700061e-02  2.050456120927239209e-02  2.073284347888341983e-02
182 1821 3.235656e-05 4.626795e+00  2.044103160173055267e-02  2.044716875975653367e-02  2.053411025124873487e-02  2.060674269557532731e-02
183 1831 2.967174e-05 4.621220e+00  2.040829293036304504e-02  2.040829293036304504e-02  2.049627191621668926e-02  2.058255387448932813e-02
184 1841 2.643819e-05 4.588601e+00  2.040829293036304504e-02  2.042929867865889149e-02  2.048321588322104397e-02  2.060426074099316537e-02
185 1851 2.431385e-05 4.557147e+00  2.040829293036304504e-02  2.042168900311785301e-02  2.044665683442311449e-02  2.048287389492412652e-02
186 1861 2.265746e-05 4.575449e+00  2.040829293036304504e-02  2.042720382752895650e-02  2.046198231262835038e-02  2.057423048601823498e-02
187 1871 2.124003e-05 4.581335e+00  2.038439295230498605e-02  2.038439295230498605e-02  2.042279438820162815e-02  2.052512452102905893e-02
188 1881 1.978599e-05 4.532199e+00  2.038439295230498605e-02  2.039335348640208476e-02  2.040162615382427186e-02  2.047253992441550041e-02
189 1891 1.959750e-05 4.594043e+00  2.037773373250232473e-02  2.037773373250232473e-02  2.039756450007686878e-02  2.043257054267991896e-02
190 1901 1.861239e-05 4.570715e+00  2.035695968381417975e-02  2.035695968381417975e-02  2.041088596295325200e-02  2.048183010700024148e-02
191 1911 1.917591e-05 4.490658e+00  2.035594444254070975e-02  2.035594444254070975e-02  2.038999502788280127e-02  2.041879072707426801e-02
192 1921 2.045547e-05 4.378559e+00  2.034887558589609097e-02  2.034887558589609097e-02  2.038115206532011003e-02  2.039726097427823487e-02
193 1931 2.033987e-05 4.337787e+00  2.034367815785429606e-02  2.034367815785429606e-02  2.038319297031991953e-02  2.040790095831382725e-02
194 1941 1.959948e-05 4.293213e+00  2.034367815785429606e-02  2.034435730111512977e-02  2.038597608830501270e-02  2.040712576631297653e-02
195 1951 1.826092e-05 4.329322e+00  2.033921988080776566e-02  2.033921988080776566e-02  2.036450596806497343e-02  2.043113582566442876e-02
196 1961 1.807162e-05 4.393629e+00  2.032906488528565120e-02  2.032906488528565120e-02  2.037573744801988301e-02  2.049741452406086267e-02
197 1971 1.768851e-05 4.413892e+00  2.032906488528565120e-02  2.034085715083081350e-02  2.037104826800969701e-02  2.041570616300856372e-02
198 1981 1.638825e-05 4.345194e+00  2.032906488528565120e-02  2.034703595989118680e-02  2.037984283457262846e-02  2.040172887925431958e-02
199 1991 1.588045e-05 4.255333e+00  2.032906488528565120e-02  2.034266915037456769e-02  2.037324549960318684e-02  2.042254397038323691e-02
200 2001 1.462094e-05 4.264359e+00  2.032615737921929233e-02  2.032615737921929233e-02  2.036905182739277842e-02  2.044237898840757170e-02
201 2011 1.436757e-05 4.258660e+00  2.032615737921929233e-02  2.033005985389031711e-02  2.037109437926529903e-02  2.041795957985574617e-02
202 2021 1.395191e-05 4.241024e+00  2.032121679333024483e-02  2.032121679333024483e-02  2.036965935282035456e-02  2.041648249851318181e-02
203 2031 1.319020e-05 4.122868e+00  2.032121679333024483e-02  2.032863090380720994e-02  2.035458050381664524e-02  2.041574354840449551e-02
204 2041 1.193780e-05 4.078248e+00  2.030832980266589899e-02  2.030832980266589899e-02  2.033622271703471734e-02  2.035939614423187827e-02
205 2051 1.184222e-05 4.088565e+00  2.030832980266589899e-02  2.031009372379845301e-02  2.032503404453638030e-02  2.037562004006843869e-02
206 2061 1.228996e-05 3.995543e+00  2.030325131629808627e-02  2.030325131629808627e-02  2.032150093531840881e-02  2.034850243861922869e-02
207 2071 1.123712e-05 4.003044e+00  2.030061408188411562e-02  2.030061408188411562e-02  2.033465391930558419e-02  2.036195901645111023e-02
208 2081 1.058415e-05 3.984056e+00  2.030061408188411562e-02  2.030111146563964158e-02  2.031937420968335517e-02  2.035562485259116011e-02
209 2091 9.873598e-06 3.998881e+00  2.030061408188411562e-02  2.030558898583237001e-02  2.031768657433175029e-02  2.034076956984261914e-02
210 2101 9.239138e-06 3.994455e+00  2.030061408188411562e-02  2.030667173116989382e-02  2.031988915715777361e-02  2.035075892054047722e-02
211 2111 9.746808e-06 3.715441e+00  2.030061408188411562e-02  2.030158698654661864e-02  2.031405785668149305e-02  2.032053623799344455e-02
212 2121 9.954006e-06 3.721249e+00  2.030061408188411562e-02  2.030276987519637200e-02  2.031176307565575948e-02  2.032127763289822212e-02
213 2131 9.623479e-06 3.695148e+00  2.029375927435982455e-02  2.029375927435982455e-02  2.031196098737037686e-02  2.034546573758880955e-02
214 2141 8.752383e-06 3.699942e+00  2.028761513499850733e-02  2.028761513499850733e-02  2.030395132403817887e-02  2.032883997137870796e-02
215 2151 8.208667e-06 3.687796e+00  2.028761513499850733e-02  2.029427536405218474e-02  2.029966832053277034e-02  2.030845642818787655e-02
216 2161 8.465006e-06 3.798404e+00  2.028761513499850733e-02  2.028991887478165737e-02  2.030456172801143461e-02  2.030929395272757995e-02
217 2171 8.745574e-06 3.778934e+00  2.028186186796373733e-02  2.028186186796373733e-02  2.030407880948081542e-02  2.031638712645009864e-02
218 2181 8.319649e-06 3.745759e+00  2.027977637936276278e-02  2.027977637936276278e-02  2.029356308555325950e-02  2.031770173208004987e-02
219 2191 8.583644e-06 3.774717e+00  2.027977637936276278e-02  2.028355118836642351e-02  2.029426137218389575e-02  2.030557331495225215e-02
220 2201 8.375037e-06 3.781528e+00  2.027977637936276278e-02  2.028210839525664347e-02  2.030893664832082376e-02  2.033837992708345879e-02
221 2211 8.312284e-06 3.764276e+00  2.027977637936276278e-02  2.028194257525716554e-02  2.029560503325482726e-02  2.031672353980160800e-02
222 2221 8.336109e-06 3.752893e+00  2.027977637936276278e-02  2.029026622261806412e-02  2.030232137904353432e-02  2.034730648374624348e-02
223 2231 8.371183e-06 3.760776e+00  2.027977637936276278e-02  2.029912127424039064e-02  2.030919723431726109e-02  2.033559172289306841e-02
224 2241 7.890268e-06 3.741819e+00  2.027977637936276278e-02  2.028859728426217826e-02  2.030709950109132675e-02  2.032777402812251458e-02
225 2251 7.199035e-06 3.692948e+00  2.027977637936276278e-02  2.028952468150718030e-02  2.030231648143489276e-02  2.032120187792640920e-02
226 2261 6.965037e-06 3.627087e+00  2.027977637936276278e-02  2.028743594813646467e-02  2.029991592454041816e-02  2.031584308817286494e-02
227 2271 7.045963e-06 3.655726e+00  2.027977637936276278e-02  2.028404726388992330e-02  2.030009118809989604e-02  2.033165809306713978e-02
228 2281 7.229281e-06 3.636945e+00  2.027977637936276278e-02  2.028519086960728357e-02  2.029606062383830511e-02  2.032247985474960536e-02
229 2291 6.658107e-06 3.628915e+00  2.027977637936276278e-02  2.028236359689506579e-02  2.029293434052551609e-02  2.031107686884468799e-02
230 2301 6.137999e-06 3.603712e+00  2.027977637936276278e-02  2.028282948863534274e-02  2.028874177874553236e-02  2.031199488254620961e-02
231 2311 6.108482e-06 3.612351e+00  2.027977637936276278e-02  2.028332699729116714e-02  2.028957787095880122e-02  2.029865576733402149e-02
232 2321 5.930628e-06 3.683041e+00  2.027754897850832239e-02  2.027754897850832239e-02  2.028446152752480525e-02  2.029173832143878892e-02
233 2331 5.528634e-06 3.681475e+00  2.027754897850832239e-02  2.028487907749602220e-02  2.029692270421823430e-02  2.030734228678315184e-02
234 2341 5.097220e-06 3.672748e+00  2.027754897850832239e-02  2.028314186586644904e-02  2.029280435335743121e-02  2.031026499855222503e-02
235 2351 4.366455e-06 3.671772e+00  2.027534410384485009e-02  2.027534410384485009e-02  2.029129753867561781e-02  2.029528845706994600e-02
236 2361 3.941161e-06 3.658232e+00  2.027534410384485009e-02  2.027716931761789146e-02  2.028443743556955503e-02  2.030107389724097183e-02
237 2371 3.785672e-06 3.741336e+00  2.027483056283114343e-02  2.027483056283114343e-02  2.028149540251146521e-02  2.028987694925734817e-02
238 2381 3.626705e-06 3.738379e+00  2.027483056283114343e-02  2.027895623430400057e-02  2.028465360998931571e-02  2.030349596460809258e-02
239 2391 3.509630e-06 3.699853e+00  2.027483056283114343e-02  2.027721079967342160e-02  2.028160313870627091e-02  2.028579078894435575e-02
240 2401 3.436046e-06 3.715332e+00  2.027283699413292076e-02  2.027283699413292076e-02  2.028033911415409729e-02  2.029235682112787154e-02
241 2411 3.359506e-06 3.695008e+00  2.027034802281759557e-02  2.027034802281759557e-02  2.027967968409984112e-02  2.028544902506411104e-02
242 2421 3.155803e-06 3.760639e+00  2.027034802281759557e-02  2.027639371175057187e-02  2.027818815427232316e-02  2.029516038913740245e-02
243 2431 3.018953e-06 3.763980e+00  2.027034802281759557e-02  2.027383092032292861e-02  2.027603206719158502e-02  2.029140306218488177e-02
244 2441 2.959876e-06 3.768784e+00  2.027034802281759557e-02  2.027559915127401940e-02  2.027848979424496864e-02  2.028879725807517659e-02
245 2451 2.837334e-06 3.737766e+00  2.026937857429228149e-02  2.026937857429228149e-02  2.027736842655190191e-02  2.028732295433659238e-02
246 2461 2.677350e-06 3.681424e+00  2.026937857429228149e-02  2.027068987169210884e-02  2.027452842793246723e-02  2.028183904630528195e-02
247 2471 2.552534e-06 3.676071e+00  2.026937857429228149e-02  2.026995099243409856e-02  2.027397351893457655e-02  2.027713564264010254e-02
248 2481 2.243997e-06 3.691066e+00  2.026937857429228149e-02  2.027097727694338394e-02  2.027597476188254533e-02  2.028184995299561755e-02
249 2491 2.152311e-06 3.663937e+00  2.026937857429228149e-02  2.027137211090276198e-02  2.027336571613713376e-02  2.027729384850293637e-02
250 2501 2.106117e-06 3.535955e+00  2.026937857429228149e-02  2.026952956747046786e-02  2.027254900669666488e-02  2.027859474158035316e-02
251 2511 2.085302e-06 3.516932e+00  2.026916269568088125e-02  2.026916269568088125e-02  2.027353085220696960e-02  2.028446496941608418e-02
252 2521 2.110697e-06 3.536434e+00  2.026916269568088125e-02  2.027042417244473427e-02  2.027300367342218385e-02  2.027756233823468229e-02
253 2531 2.023784e-06 3.523459e+00  2.026916269568088125e-02  2.027045973442816174e-02  2.027303068089410243e-02  2.027641287348108667e-02
254 2541 2.016252e-06 3.522813e+00  2.026916269568088125e-02  2.027141472018148538e-02  2.027306851253244183e-02  2.027591777717013127e-02
255 2551 2.019975e-06 3.517187e+00  2.026916269568088125e-02  2.026998742119979352e-02  2.027294294112536033e-02  2.027432075073447998e-02
256 2561 1.813467e-06 3.520603e+00  2.026839143818601197e-02  2.026839143818601197e-02  2.027209426861613720e-02  2.027799323944232818e-02
257 2571 1.742038e-06 3.548638e+00  2.026839143818601197e-02  2.026975266402069459e-02  2.027198019113178595e-02  2.027867873290838119e-02
258 2581 1.709154e-06 3.644335e+00  2.026756421129767560e-02  2.026756421129767560e-02  2.027070147280979340e-02  2.027282934246795940e-02
259 2591 1.758995e-06 3.695294e+00  2.026756421129767560e-02  2.026859912166641478e-02  2.027013711101788296e-02  2.027394839661959824e-02
260 2601 1.814217e-06 3.725059e+00  2.026756421129767560e-02  2.026774736023080614e-02  2.026950888016454400e-02  2.027494601598394536e-02
261 2611 1.645793e-06 3.703287e+00  2.026756421129767560e-02  2.026769911098336846e-02  2.027063065683433474e-02  2.027436538571065344e-02
262 2621 1.574835e-06 3.658714e+00  2.026699853464236645e-02  2.026699853464236645e-02  2.026942848449325707e-02  2.027376435596349100e-02
263 2631 1.623204e-06 3.530929e+00  2.026699853464236645e-02  2.026766038833319530e-02  2.026826313428255547e-02  2.027339316062732114e-02
264 2641 1.593182e-06 3.480819e+00  2.026670934802654936e-02  2.026670934802654936e-02  2.026818603576808347e-02  2.027162084767342512e-02
265 2651 1.615002e-06 3.412546e+00  2.026592590430876389e-02  2.026592590430876389e-02  2.026703966049669264e-02  2.027117483168035944e-02
266 2661 1.690393e-06 3.317124e+00  2.026592590430876389e-02  2.026605119462424748e-02  2.026827306120685540e-02  2.027221343274956261e-02
267 2671 1.660636e-06 3.234035e+00  2.026484403874453943e-02  2.026484403874453943e-02  2.026759769324795041e-02  2.027141895099128510e-02
268 2681 1.632646e-06 3.173131e+00  2.026484403874453943e-02  2.026502528529282310e-02  2.026694783043796536e-02  2.027154684825521747e-02
269 2691 1.495310e-06 3.187674e+00  2.026484403874453943e-02  2.026484447674511621e-02  2.026714333883939886e-02  2.027263032315984592e-02
270 2701 1.576110e-06 3.175107e+00  2.026242336936801697e-02  2.026242336936801697e-02  2.026515633181136949e-02  2.026752079694732478e-02
271 2711 1.731409e-06 3.194119e+00  2.026242336936801697e-02  2.026251621141423459e-02  2.026426928820826770e-02  2.026672083232158861e-02
272 2721 1.879659e-06 3.210880e+00  2.026233462146518824e-02  2.026233462146518824e-02  2.026582576291962104e-02  2.026724452418462302e-02
273 2731 1.916535e-06 3.205974e+00  2.026232750015086181e-02  2.026232750015086181e-02  2.026413295564448436e-02  2.026661623221548761e-02
274 2741 1.933683e-06 3.142110e+00  2.026137149201402005e-02  2.026137149201402005e-02  2.026418795965830022e-02  2.026653146711904219e-02
275 2751 1.937328e-06 3.133759e+00  2.026137149201402005e-02  2.026198793008858814e-02  2.026385868547507171e-02  2.026758912273778773e-02
276 2761 1.927531e-06 3.209630e+00  2.026137149201402005e-02  2.026185361766712906e-02  2.026455151504966135e-02  2.026721815619621225e-02
277 2771 1.866973e-06 3.214745e+00  2.026135030871396847e-02  2.026135030871396847e-02  2.026367391298259518e-02  2.026543984782051833e-02
278 2781 1.908999e-06 3.255134e+00  2.026099084190495503e-02  2.026099084190495503e-02  2.026202357975872420e-02  2.026481335610383350e-02
279 2791 1.754876e-06 3.267335e+00  2.026099084190495503e-02  2.026113212377075173e-02  2.026222507560641178e-02  2.026499966369460504e-02
280 2801 1.835716e-06 3.296035e+00  2.025961236180726793e-02  2.025961236180726793e-02  2.026188644594420496e-02  2.026396494222506076e-02
281 2811 1.842386e-06 3.369417e+00  2.025961236180726793e-02  2.025976609814660045e-02  2.026177176026573018e-02  2.026825692591693873e-02
282 2821 1.771752e-06 3.353190e+00  2.025821874507491988e-02  2.025821874507491988e-02  2.026360853742934995e-02  2.026525151200817693e-02
283 2831 1.655878e-06 3.281986e+00  2.025821874507491988e-02  2.025851051242144249e-02  2.026028911335052418e-02  2.026250003624110313e-02
284 2841 1.693608e-06 3.351248e+00  2.025704352094783237e-02  2.025704352094783237e-02  2.026059597275116711e-02  2.026183249455791938e-02
285 2851 1.657042e-06 3.370134e+00  2.025661444623787222e-02  2.025661444623787222e-02  2.025859311071734337e-02  2.026084734385536282e-02
286 2861 1.618184e-06 3.338501e+00  2.025661444623787222e-02  2.025729562130370448e-02  2.025855834415177248e-02  2.025973808770288598e-02
287 2871 1.660592e-06 3.388798e+00  2.025661444623787222e-02  2.025714817431365639e-02  2.025926822260180199e-02  2.026166692133470060e-02
288 2881 1.541297e-06 3.382420e+00  2.025661444623787222e-02  2.025726831019398003e-02  2.025871673546509460e-02  2.026188110945294912e-02
289 2891 1.326261e-06 3.391549e+00  2.025661444623787222e-02  2.025706612742365215e-02  2.025902868155431830e-02  2.026067935370152312e-02
290 2901 1.162100e-06 3.383254e+00  2.025651367145744203e-02  2.025651367145744203e-02  2.025816751575088698e-02  2.025932328874485364e-02
291 2911 1.127961e-06 3.375266e+00  2.025539607630896799e-02  2.025539607630896799e-02  2.025733964487669292e-02  2.025835870172639983e-02
292 2921 1.047883e-06 3.420931e+00  2.025539607630896799e-02  2.025558239756797274e-02  2.025696006394576282e-02  2.025855755498390254e-02
293 2931 1.011040e-06 3.482224e+00  2.025539607630896799e-02  2.025643506888308992e-02  2.025707615628389441e-02  2.025835821472674048e-02
294 2941 1.009217e-06 3.479137e+00  2.025539607630896799e-02  2.025678126003563340e-02  2.025775975782037261e-02  2.025944869376866339e-02
295 2951 9.901414e-07 3.484568e+00  2.025539607630896799e-02  2.025587150200234068e-02  2.025717383905358687e-02  2.025803874692190532e-02
296 2961 9.247721e-07 3.512977e+00  2.025533728217442098e-02  2.025533728217442098e-02  2.025630250909264685e-02  2.025783467767005436e-02
297 2971 8.864969e-07 3.506895e+00  2.025533728217442098e-02  2.025561890250990316e-02  2.025613839028772567e-02  2.025767542922678882e-02
298 2981 8.518828e-07 3.500643e+00  2.025505854460812188e-02  2.025505854460812188e-02  2.025593325823387553e-02  2.025764733512074728e-02
299 2991 8.400597e-07 3.577570e+00  2.025505854460812188e-02  2.025507786704924817e-02  2.025634452794590826e-02  2.025830516639752499e-02
300 3001 7.717651e-07 3.615994e+00  2.025469368684421761e-02  2.025469368684421761e-02  2.025584486440147255e-02  2.025880161761349843e-02
301 3011 7.189968e-07 3.655902e+00  2.025445188552989911e-02  2.025445188552989911e-02  2.025502793754278136e-02  2.025652107072254543e-02
302 3021 6.744355e-07 3.729065e+00  2.025445188552989911e-02  2.025459311711874655e-02  2.025557686945285429e-02  2.025664398253316373e-02
303 3031 6.263568e-07 3.763243e+00  2.025442108245716077e-02  2.025442108245716077e-02  2.025513271564538531e-02  2.025675963813974856e-02
304 3041 6.170825e-07 3.785762e+00  2.025442108245716077e-02  2.025448883158955174e-02  2.025482304455736293e-02  2.025570304521152193e-02
305 3051 6.017203e-07 3.789612e+00  2.025417831632330204e-02  2.025417831632330204e-02  2.025446608365166767e-02  2.025605788963960943e-02
306 3061 5.924393e-07 3.823568e+00  2.025391235188038486e-02  2.025391235188038486e-02  2.025491879815630170e-02  2.025636576337375497e-02
307 3071 5.879073e-07 3.859216e+00  2.025385143745375705e-02  2.025385143745375705e-02  2.025493131996447191e-02  2.025564532490971639e-02
308 3081 5.437235e-07 3.802258e+00  2.025384619227922622e-02  2.025384619227922622e-02  2.025448959248231373e-02  2.025532567864040540e-02
309 3091 5.086208e-07 3.755152e+00  2.025372307574771491e-02  2.025372307574771491e-02  2.025425020660036324e-02  2.025481455235376288e-02
310 3101 4.809034e-07 3.691145e+00  2.025372307574771491e-02  2.025392867887162995e-02  2.025433920391684142e-02  2.025520638022677844e-02
311 3111 4.279329e-07 3.687749e+00  2.025356474233787688e-02  2.025356474233787688e-02  2.025420433053923969e-02  2.025501024175040826e-02
312 3121 3.911052e-07 3.743572e+00  2.025356474233787688e-02  2.025398100687830771e-02  2.025430581200030750e-02  2.025484216022046396e-02
313 3131 3.623579e-07 3.738554e+00  2.025356474233787688e-02  2.025375418089696983e-02  2.025410590984125930e-02  2.025462218248997442e-02
314 3141 3.685122e-07 3.796279e+00  2.025356474233787688e-02  2.025372030853424959e-02  2.025396208145596733e-02  2.025436557144838501e-02
315 3151 3.550116e-07 3.847501e+00  2.025356474233787688e-02  2.025357472723314511e-02  2.025406499116502376e-02  2.025451012031978526e-02
316 3161 3.315415e-07 3.921756e+00  2.025356474233787688e-02  2.025370802949586629e-02  2.025405893398013121e-02  2.025442922151814151e-02
317 3171 3.045137e-07 3.947029e+00  2.025356474233787688e-02  2.025358496128088631e-02  2.025404478713970988e-02  2.025541586913333358e-02
318 3181 2.862988e-07 3.971694e+00  2.025333268305892082e-02  2.025333268305892082e-02  2.025384122834125028e-02  2.025415998425279113e-02
319 3191 2.878477e-07 3.975636e+00  2.025333268305892082e-02  2.025341186704052859e-02  2.025366173848503620e-02  2.025402869931990091e-02
320 3201 3.004529e-07 4.024063e+00  2.025333268305892082e-02  2.025341439516684106e-02  2.025366663393286804e-02  2.025417952721074444e-02
321 3211 2.806548e-07 4.022781e+00  2.025333268305892082e-02  2.025335660709764313e-02  2.025363181975142757e-02  2.025405654873310354e-02
322 3221 2.625511e-07 3.983776e+00  2.025319345089358902e-02  2.025319345089358902e-02  2.025356583220011206e-02  2.025373143072409926e-02
323 3231 2.532072e-07 3.984105e+00  2.025315403422443816e-02  2.025315403422443816e-02  2.025354895407398964e-02  2.025400885641238935e-02
324 3241 2.359681e-07 3.941484e+00  2.025315403422443816e-02  2.025320364889673236e-02  2.025339066381564440e-02  2.025379543427884010e-02
325 3251 2.267441e-07 3.844685e+00  2.025315403422443816e-02  2.025317326605848706e-02  2.025330371137550739e-02  2.025375957848471117e-02
326 3261 2.084379e-07 3.780083e+00  2.025310045506966555e-02  2.025310045506966555e-02  2.025329727221798423e-02  2.025357217451571878e-02
327 3271 2.005774e-07 3.738382e+00  2.025310045506966555e-02  2.025311862461019741e-02  2.025330458362423897e-02  2.025359969494852294e-02
328 3281 2.003723e-07 3.646432e+00  2.025310045506966555e-02  2.025320728897648040e-02  2.025332710057542451e-02  2.025338834350499245e-02
329 3291 1.938471e-07 3.631643e+00  2.025310045506966555e-02  2.025323220307308908e-02  2.025334222510000171e-02  2.025375097389043449e-02
330 3301 1.858140e-07 3.592133e+00  2.025310045506966555e-02  2.025317723571436884e-02  2.025328451830021859e-02  2.025371621781840020e-02
331 3311 1.650524e-07 3.580822e+00  2.025310045506966555e-02  2.025319522514928972e-02  2.025332812378027175e-02  2.025351176144834370e-02
332 3321 1.453021e-07 3.575734e+00  2.025310045506966555e-02  2.025314483580361452e-02  2.025329142383532413e-02  2.025361877912369019e-02
333 3331 1.323101e-07 3.631161e+00  2.025310045506966555e-02  2.025318382846629656e-02  2.025326537187725068e-02  2.025336939845528289e-02
334 3341 1.203550e-07 3.634311e+00  2.025310045506966555e-02  2.025311942008152510e-02  2.025324097390170108e-02  2.025335876151252573e-02
335 3351 1.169312e-07 3.674143e+00  2.025310045506966555e-02  2.025312651831929350e-02  2.025318008868445124e-02  2.025333488393070425e-02
336 3361 1.075649e-07 3.752711e+00  2.025304409404529021e-02  2.025304409404529021e-02  2.025316070187772183e-02  2.025325571189920751e-02
337 3371 1.087616e-07 3.900216e+00  2.025301982078000010e-02  2.025301982078000010e-02  2.025310250157316000e-02  2.025332963777067355e-02
338 3381 1.065421e-07 4.008419e+00  2.025298277062271418e-02  2.025298277062271418e-02  2.025309528565706618e-02  2.025324604306724327e-02
339 3391 1.111233e-07 4.137628e+00  2.025296903224999348e-02  2.025296903224999348e-02  2.025305868544469493e-02  2.025313370125363110e-02
340 3401 1.156683e-07 4.194660e+00  2.025296903224999348e-02  2.025298440415379542e-02  2.025301045669733457e-02  2.025320248116279503e-02
341 3411 1.148872e-07 4.230221e+00  2.025296903224999348e-02  2.025305588009953042e-02  2.025309304274502953e-02  2.025322481584239387e-02
342 3421 1.100468e-07 4.209658e+00  2.025296903224999348e-02  2.025299993655189229e-02  2.025317869220085928e-02  2.025332490030345295e-02
343 3431 1.075091e-07 4.192492e+00  2.025296903224999348e-02  2.025302258159349805e-02  2.025309623588042451e-02  2.025326583275224163e-02
344 3441 9.858037e-08 4.210052e+00  2.025296373240145775e-02  2.025296373240145775e-02  2.025310920272493237e-02  2.025324458371705050e-02
345 3451 9.003190e-08 4.199167e+00  2.025296373240145775e-02  2.025298487730113617e-02  2.025309347783819935e-02  2.025326949537281651e-02
346 3461 9.102218e-08 4.154505e+00  2.025294125642720586e-02  2.025294125642720586e-02  2.025299518678562449e-02  2.025307162911859152e-02
347 3471 9.028707e-08 4.175124e+00  2.025292217227286223e-02  2.025292217227286223e-02  2.025298104805891772e-02  2.025312679879151187e-02
348 3481 9.258009e-08 4.210779e+00  2.025292217227286223e-02  2.025293453047858488e-02  2.025297133344284087e-02  2.025304393739745662e-02
349 3491 9.473280e-08 4.298585e+00  2.025292004735963075e-02  2.025292004735963075e-02  2.025296573144533263e-02  2.025304282636458675e-02
350 3501 9.212442e-08 4.311788e+00  2.025292004735963075e-02  2.025294778326906797e-02  2.025299149051965064e-02  2.025312981043365240e-02
351 3511 8.716488e-08 4.345881e+00  2.025292004735963075e-02  2.025293197641617887e-02  2.025299489405662373e-02  2.025320648922251943e-02
352 3521 7.909322e-08 4.357170e+00  2.025292004735963075e-02  2.025295935375439824e-02  2.025299319455955288e-02  2.025318300473351318e-02
353 3531 7.542067e-08 4.284368e+00  2.025292004735963075e-02  2.025293277980125956e-02  2.025297276548718162e-02  2.025303149394096919e-02
354 3541 6.999855e-08 4.218667e+00  2.025291448452706811e-02  2.025291448452706811e-02  2.025295518090546032e-02  2.025307127148971709e-02
355 3551 6.460911e-08 4.210623e+00  2.025291448452706811e-02  2.025291557405567433e-02  2.025297315733144699e-02  2.025306876410300910e-02
356 3561 6.333669e-08 4.216754e+00  2.025290101214001492e-02  2.025290101214001492e-02  2.025295327490875263e-02  2.025298590446693997e-02
357 3571 5.772844e-08 4.215716e+00  2.025288422422284046e-02  2.025288422422284046e-02  2.025292715319717066e-02  2.025308210909227552e-02
358 3581 5.224782e-08 4.236836e+00  2.025287133439139520e-02  2.025287133439139520e-02  2.025296341190925553e-02  2.025301963653886733e-02
359 3591 5.052789e-08 4.194635e+00  2.025287133439139520e-02  2.025287166900866659e-02  2.025290455246444091e-02  2.025292122033034437e-02
360 3601 5.126198e-08 4.226535e+00  2.025287133439139520e-02  2.025287892602893949e-02  2.025290315367748312e-02  2.025294605216936689e-02
361 3611 4.722494e-08 4.238792e+00  2.025286127094868063e-02  2.025286127094868063e-02  2.025289710265243751e-02  2.025297089899835007e-02
362 3621 4.546919e-08 4.405573e+00  2.025284666703149744e-02  2.025284666703149744e-02  2.025288142432592892e-02  2.025297074902531608e-02
363 3631 4.263683e-08 4.392437e+00  2.025284666703149744e-02  2.025284816896193857e-02  2.025288710457750704e-02  2.025290472493720267e-02
364 3641 4.002650e-08 4.366180e+00  2.025284666703149744e-02  2.025286535255560808e-02  2.025288525036406453e-02  2.025291783638440840e-02
365 3651 3.902227e-08 4.457787e+00  2.025284666703149744e-02  2.025285429888671121e-02  2.025287829282857582e-02  2.025290875322270645e-02
366 3661 3.698715e-08 4.452890e+00  2.025283887353216544e-02  2.025283887353216544e-02  2.025285485809518587e-02  2.025293764650631587e-02
367 3671 3.455167e-08 4.478816e+00  2.025283107111905401e-02  2.025283107111905401e-02  2.025285523431617427e-02  2.025287270141284263e-02
368 3681 3.155879e-08 4.481293e+00  2.025283107111905401e-02  2.025283223595429269e-02  2.025285015144530354e-02  2.025286373389618283e-02
369 3691 3.091272e-08 4.423320e+00  2.025283107111905401e-02  2.025283343118689655e-02  2.025285286957374462e-02  2.025287279320821254e-02
370 3701 2.828631e-08 4.443776e+00  2.025282644885462169e-02  2.025282644885462169e-02  2.025284997605990983e-02  2.025286167183550437e-02
371 3711 2.608147e-08 4.427609e+00  2.025282644885462169e-02  2.025283318106047697e-02  2.025284500228794610e-02  2.025286577428660195e-02
372 3721 2.352174e-08 4.418540e+00  2.025281941906130131e-02  2.025281941906130131e-02  2.025284923878840210e-02  2.025286528374107761e-02
373 3731 2.215351e-08 4.417278e+00  2.025281353535179560e-02  2.025281353535179560e-02  2.025282594525550095e-02  2.025286060071145033e-02
374 3741 2.090873e-08 4.476125e+00  2.025281353535179560e-02  2.025281521973104279e-02  2.025283332220228702e-02  2.025284036924017428e-02
375 3751 2.061633e-08 4.520101e+00  2.025279884490293475e-02  2.025279884490293475e-02  2.025282226190631973e-02  2.025284858843860031e-02
376 3761 2.157610e-08 4.581654e+00  2.025279884490293475e-02  2.025280766223372386e-02  2.025281141812118255e-02  2.025283939777188652e-02
377 3771 2.167313e-08 4.575973e+00  2.025279884490293475e-02  2.025279912442828206e-02  2.025282160820413013e-02  2.025283838688504007e-02
378 3781 2.193776e-08 4.513426e+00  2.025279884490293475e-02  2.025280228202379698e-02  2.025282178308659281e-02  2.025284775796138553e-02
379 3791 2.211913e-08 4.464834e+00  2.025279486789123215e-02  2.025279486789123215e-02  2.025281231393033857e-02  2.025283946838043331e-02
380 3801 2.205972e-08 4.472223e+00  2.025279486789123215e-02  2.025279786494578460e-02  2.025282511525992174e-02  2.025284532314994279e-02
381 3811 2.019463e-08 4.509181e+00  2.025279336847360390e-02  2.025279336847360390e-02  2.025280731518974697e-02  2.025282926996415517e-02
382 3821 1.878003e-08 4.504456e+00  2.025279336847360390e-02  2.025279583884367213e-02  2.025280888047593930e-02  2.025283839383540396e-02
383 3831 1.741161e-08 4.504015e+00  2.025278951731637050e-02  2.025278951731637050e-02  2.025280593786454170e-02  2.025282109187723917e-02
384 3841 1.646136e-08 4.509789e+00  2.025278951731637050e-02  2.025279041311661699e-02  2.025280106301117350e-02  2.025283063079271265e-02
385 3851 1.625296e-08 4.496339e+00  2.025278689556437445e-02  2.025278689556437445e-02  2.025280224026614409e-02  2.025283373125364578e-02
386 3861 1.612887e-08 4.493331e+00  2.025278563481621580e-02  2.025278563481621580e-02  2.025279610668251698e-02  2.025280306090301158e-02
387 3871 1.523602e-08 4.401870e+00  2.025278563481621580e-02  2.025278936841160699e-02  2.025279629790803157e-02  2.025281818999759981e-02
388 3881 1.460343e-08 4.216247e+00  2.025278563481621580e-02  2.025279021875199537e-02  2.025279727625571569e-02  2.025280967243269642e-02
389 3891 1.376109e-08 4.181262e+00  2.025278563481621580e-02  2.025278654359800173e-02  2.025279236573618302e-02  2.025279652728716184e-02
390 3901 1.224932e-08 4.176775e+00  2.025278563481621580e-02  2.025278624340297318e-02  2.025279245041586990e-02  2.025280114906685691e-02
391 3911 1.164159e-08 4.175560e+00  2.025278360135298814e-02  2.025278360135298814e-02  2.025279015712669328e-02  2.025281037640351556e-02
392 3921 1.139844e-08 4.209622e+00  2.025277932928314789e-02  2.025277932928314789e-02  2.025278748660432060e-02  2.025279526323292556e-02
393 3931 1.141126e-08 4.222719e+00  2.025277700487519358e-02  2.025277700487519358e-02  2.025278370403892775e-02  2.025280584324309213e-02
394 3941 1.081252e-08 4.156017e+00  2.025277700487519358e-02  2.025277915779981688e-02  2.025278392339976280e-02  2.025279903532211170e-02
395 3951 1.006724e-08 4.126730e+00  2.025277696905041641e-02  2.025277696905041641e-02  2.025278526178264996e-02  2.025279867229561048e-02
396 3961 9.649994e-09 4.041116e+00  2.025277584463956726e-02  2.025277584463956726e-02  2.025278067532942927e-02  2.025278578023782805e-02
397 3971 8.866988e-09 4.051887e+00  2.025277541368733503e-02  2.025277541368733503e-02  2.025278090788165675e-02  2.025279264161945758e-02
398 3981 8.777504e-09 4.009256e+00  2.025277515201039102e-02  2.025277515201039102e-02  2.025277820113253330e-02  2.025278399844245361e-02
399 3991 8.467072e-09 3.964943e+00  2.025276939816657990e-02  2.025276939816657990e-02  2.025277883904557166e-02  2.025278740075548561e-02
400 4001 8.296192e-09 3.987730e+00  2.025276939816657990e-02  2.025277361111344626e-02  2.025277660754526421e-02  2.025278176634461025e-02
401 4011 8.018908e-09 4.006779e+00  2.025276939816657990e-02  2.025277342724209756e-02  2.025277436339886078e-02  2.025277846099283324e-02
402 4021 7.807956e-09 3.996290e+00  2.025276939816657990e-02  2.025277236570042355e-02  2.025277599166681528e-02  2.025278758860395156e-02
403 4031 7.899268e-09 3.956618e+00  2.025276939816657990e-02  2.025277124780849175e-02  2.025277510444698642e-02  2.025277766260148021e-02
404 4041 7.578386e-09 4.036065e+00  2.025276939816657990e-02  2.025277107462496867e-02  2.025277529919789279e-02  2.025278572277043609e-02
405 4051 6.914843e-09 4.053194e+00  2.025276939816657990e-02  2.025276943277640879e-02  2.025277496696565802e-02  2.025278116476664572e-02
406 4061 6.567276e-09 4.048305e+00  2.025276939816657990e-02  2.025276946161432695e-02  2.025277350347338967e-02  2.025277742205559839e-02
407 4071 6.741539e-09 4.092144e+00  2.025276834029796774e-02  2.025276834029796774e-02  2.025277102531327506e-02  2.025277336919419774e-02
408 4081 6.428256e-09 4.057412e+00  2.025276834029796774e-02  2.025276851579856097e-02  2.025277022375156222e-02  2.025277417536638924e-02
409 4091 6.361497e-09 4.047179e+00  2.025276734711811688e-02  2.025276734711811688e-02  2.025277006927499873e-02  2.025277619277916774e-02
410 4101 6.416315e-09 4.019713e+00  2.025276427071259072e-02  2.025276427071259072e-02  2.025276881660675529e-02  2.025277478378551682e-02
411 4111 6.805971e-09 4.188353e+00  2.025276427071259072e-02  2.025276449657929106e-02  2.025276729521056918e-02  2.025277248691426113e-02
412 4121 7.168388e-09 4.413379e+00  2.025276202181489765e-02  2.025276202181489765e-02  2.025276672505661735e-02  2.025277292056753414e-02
413 4131 6.855396e-09 4.442847e+00  2.025276202181489765e-02  2.025276253662147002e-02  2.025276707377287114e-02  2.025277439750556782e-02
414 4141 6.800633e-09 4.461556e+00  2.025276079131446694e-02  2.025276079131446694e-02  2.025276510156509557e-02  2.025276734700650477e-02
415 4151 6.293480e-09 4.460615e+00  2.025276079131446694e-02  2.025276278632547750e-02  2.025276430766427549e-02  2.025277531130139849e-02
416 4161 5.856178e-09 4.476034e+00  2.025276079131446694e-02  2.025276371555651336e-02  2.025276520836215635e-02  2.025276954749224978e-02
417 4171 5.344181e-09 4.490725e+00  2.025275966421381107e-02  2.025275966421381107e-02  2.025276667614753917e-02  2.025277103934642123e-02
418 4181 4.694967e-09 4.496852e+00  2.025275966421381107e-02  2.025276047455211448e-02  2.025276367261122368e-02  2.025277003565972150e-02
419 4191 4.358725e-09 4.552295e+00  2.025275940931535457e-02  2.025275940931535457e-02  2.025276328276776755e-02  2.025276619243921578e-02
420 4201 4.109423e-09 4.473781e+00  2.025275883952514649e-02  2.025275883952514649e-02  2.025276130499293475e-02  2.025276370683349453e-02
421 4211 3.767403e-09 4.443803e+00  2.025275839495377719e-02  2.025275839495377719e-02  2.025276063255562059e-02  2.025276222010470237e-02
422 4221 3.323233e-09 4.453995e+00  2.025275839495377719e-02  2.025275974167611848e-02  2.025276132437616589e-02  2.025276285805129375e-02
423 4231 3.134956e-09 4.635246e+00  2.025275839495377719e-02  2.025275930433347721e-02  2.025276088428699245e-02  2.025276479403372021e-02
424 4241 3.244765e-09 4.409302e+00  2.025275837642790885e-02  2.025275837642790885e-02  2.025276038156058681e-02  2.025276089131900631e-02
425 4251 3.131783e-09 4.357717e+00  2.025275742838193727e-02  2.025275742838193727e-02  2.025275929759457264e-02  2.025276118766024258e-02
426 4261 2.876502e-09 4.346786e+00  2.025275742838193727e-02  2.025275745236947839e-02  2.025275937695122236e-02  2.025276252807624994e-02
427 4271 2.759218e-09 4.402523e+00  2.025275742838193727e-02  2.025275816779494725e-02  2.025275877679299369e-02  2.025276051102102570e-02
428 4281 2.446728e-09 4.419284e+00  2.025275742838193727e-02  2.025275749113996521e-02  2.025275849530440084e-02  2.025276041997717963e-02
429 4291 2.141357e-09 4.405934e+00  2.025275631805975585e-02  2.025275631805975585e-02  2.025275815360215795e-02  2.025276051959865042e-02
430 4301 2.083746e-09 4.299476e+00  2.025275631805975585e-02  2.025275707829904404e-02  2.025275752614816988e-02  2.025275886486592111e-02
431 4311 2.000015e-09 4.301365e+00  2.025275621861968162e-02  2.025275621861968162e-02  2.025275722876243578e-02  2.025275803137050606e-02
432 4321 1.952264e-09 4.367878e+00  2.025275621861968162e-02  2.025275643216241372e-02  2.025275757025853107e-02  2.025275896833785005e-02
433 4331 1.951142e-09 4.432768e+00  2.025275621861968162e-02  2.025275658491412084e-02  2.025275707289098809e-02  2.025276007995822913e-02
434 4341 1.826063e-09 4.455399e+00  2.025275569331928815e-02  2.025275569331928815e-02  2.025275682116146544e-02  2.025275827203864773e-02
435 4351 1.765274e-09 4.421965e+00  2.025275569331928815e-02  2.025275575779386661e-02  2.025275685248416335e-02  2.025275817561750236e-02
436 4361 1.595841e-09 4.402586e+00  2.025275569331928815e-02  2.025275589554018790e-02  2.025275647100704957e-02  2.025275844783075430e-02
437 4371 1.489933e-09 4.341088e+00  2.025275569331928815e-02  2.025275587387782850e-02  2.025275664092699227e-02  2.025275740935940025e-02
438 4381 1.379534e-09 4.370991e+00  2.025275569331928815e-02  2.025275620940124310e-02  2.025275645131949243e-02  2.025275794650102656e-02
439 4391 1.299488e-09 4.410242e+00  2.025275569331928815e-02  2.025275590284597582e-02  2.025275667524489842e-02  2.025275738726607308e-02
440 4401 1.264896e-09 4.424276e+00  2.025275539068580738e-02  2.025275539068580738e-02  2.025275628554711049e-02  2.025275741284610076e-02
441 4411 1.236355e-09 4.436100e+00  2.025275539068580738e-02  2.025275557978955393e-02  2.025275631941090768e-02  2.025275727717312096e-02
442 4421 1.233473e-09 4.470590e+00  2.025275536171611615e-02  2.025275536171611615e-02  2.025275586441550174e-02  2.025275676602995498e-02
443 4431 1.296751e-09 4.491046e+00  2.025275536171611615e-02  2.025275536316587660e-02  2.025275575520657165e-02  2.025275654761530403e-02
444 4441 1.340510e-09 4.579445e+00  2.025275521996322547e-02  2.025275521996322547e-02  2.025275583174748414e-02  2.025275617297486730e-02
445 4451 1.245082e-09 4.616171e+00  2.025275521996322547e-02  2.025275524553309461e-02  2.025275579920646218e-02  2.025275686640138489e-02
446 4461 1.224807e-09 4.569773e+00  2.025275521996322547e-02  2.025275535414687578e-02  2.025275561321750184e-02  2.025275631708068486e-02
447 4471 1.247259e-09 4.566240e+00  2.025275521996322547e-02  2.025275530894567189e-02  2.025275557317082059e-02  2.025275616362885028e-02
448 4481 1.199110e-09 4.567318e+00  2.025275500623174851e-02  2.025275500623174851e-02  2.025275598367364677e-02  2.025275667518428718e-02
449 4491 1.123059e-09 4.607192e+00  2.025275500623174851e-02  2.025275505073353965e-02  2.025275589035941542e-02  2.025275691420905244e-02
450 4501 1.073597e-09 4.657116e+00  2.025275500623174851e-02  2.025275543240152853e-02  2.025275565095084607e-02  2.025275600545025506e-02
451 4511 1.063038e-09 4.744985e+00  2.025275460350765833e-02  2.025275460350765833e-02  2.025275521973442586e-02  2.025275578495558046e-02
452 4521 1.005342e-09 4.750868e+00  2.025275460350765833e-02  2.025275463878505045e-02  2.025275528691361515e-02  2.025275739890980420e-02
453 4531 9.500173e-10 4.673395e+00  2.025275460350765833e-02  2.025275473531408521e-02  2.025275525363939497e-02  2.025275629229529931e-02
454 4541 8.783909e-10 4.616717e+00  2.025275460350765833e-02  2.025275497018415652e-02  2.025275553993819561e-02  2.025275593062472387e-02
455 4551 7.589439e-10 4.611861e+00  2.025275460350765833e-02  2.025275482719519904e-02  2.025275536110524022e-02  2.025275713219912288e-02
456 4561 6.969994e-10 4.610519e+00  2.025275460350765833e-02  2.025275479943399598e-02  2.025275495986904317e-02  2.025275518326384583e-02
457 4571 6.751655e-10 4.641470e+00  2.025275460350765833e-02  2.025275464753436769e-02  2.025275480246056803e-02  2.025275499505529639e-02
458 4581 6.497427e-10 4.662403e+00  2.025275457506500731e-02  2.025275457506500731e-02  2.025275488637048524e-02  2.025275539555535312e-02
459 4591 6.059816e-10 4.642600e+00  2.025275457506500731e-02  2.025275458475880169e-02  2.025275484752240424e-02  2.025275508335293989e-02
460 4601 5.542563e-10 4.590792e+00  2.025275457179404742e-02  2.025275457179404742e-02  2.025275499011839481e-02  2.025275538206489784e-02
461 4611 5.023676e-10 4.519603e+00  2.025275455175844230e-02  2.025275455175844230e-02  2.025275483543408084e-02  2.025275507939598707e-02
462 4621 4.648533e-10 4.499808e+00  2.025275448982550436e-02  2.025275448982550436e-02  2.025275471638035216e-02  2.025275488726918649e-02
463 4631 4.700461e-10 4.486837e+00  2.025275448982550436e-02  2.025275452364036499e-02  2.025275466298697563e-02  2.025275508745908240e-02
464 4641 4.300616e-10 4.505274e+00  2.025275442221408442e-02  2.025275442221408442e-02  2.025275466899459711e-02  2.025275488110519356e-02
465 4651 3.793999e-10 4.519328e+00  2.025275442221408442e-02  2.025275443073894233e-02  2.025275452875998153e-02  2.025275469602763612e-02
466 4661 3.612805e-10 4.453307e+00  2.025275433457543461e-02  2.025275433457543461e-02  2.025275446911058846e-02  2.025275462220231526e-02
467 4671 3.223981e-10 4.430531e+00  2.025275433457543461e-02  2.025275436150598962e-02  2.025275444792026813e-02  2.025275461318250605e-02
468 4681 3.110351e-10 4.462892e+00  2.025275422834652353e-02  2.025275422834652353e-02  2.025275439458132723e-02  2.025275455979414288e-02
469 4691 3.226621e-10 4.211690e+00  2.025275422767282979e-02  2.025275422767282979e-02  2.025275433675051071e-02  2.025275439652698961e-02
470 4701 3.280787e-10 4.163205e+00  2.025275419800296600e-02  2.025275419800296600e-02  2.025275434136863256e-02  2.025275441045376254e-02
471 4711 3.161502e-10 4.142123e+00  2.025275415643753435e-02  2.025275415643753435e-02  2.025275437023710615e-02  2.025275454255808655e-02
472 4721 3.065335e-10 4.186282e+00  2.025275415643753435e-02  2.025275418959545867e-02  2.025275433135384495e-02  2.025275455314161713e-02
473 4731 2.864108e-10 4.239604e+00  2.025275415643753435e-02  2.025275417679133633e-02  2.025275429344768757e-02  2.025275461985368008e-02
474 4741 2.790444e-10 4.226619e+00  2.025275415643753435e-02  2.025275426678337792e-02  2.025275432632612366e-02  2.025275443275297710e-02
475 4751 2.660139e-10 4.147966e+00  2.025275415643753435e-02  2.025275415717469468e-02  2.025275429964548679e-02  2.025275459341127973e-02
476 4761 2.621893e-10 4.132288e+00  2.025275411891350880e-02  2.025275411891350880e-02  2.025275427495379366e-02  2.025275442031056888e-02
477 4771 2.679210e-10 4.114153e+00  2.025275411891350880e-02  2.025275415994536032e-02  2.025275425485461092e-02  2.025275444353014098e-02
478 4781 2.504669e-10 4.099354e+00  2.025275411891350880e-02  2.025275417712272402e-02  2.025275423478087311e-02  2.025275442472469073e-02
479 4791 2.249816e-10 4.145983e+00  2.025275408751850414e-02  2.025275408751850414e-02  2.025275417520078225e-02  2.025275432972867620e-02
480 4801 2.000834e-10 4.139553e+00  2.025275408751850414e-02  2.025275409810312066e-02  2.025275416618050120e-02  2.025275432010424648e-02
481 4811 1.891870e-10 4.176917e+00  2.025275408751850414e-02  2.025275413259530755e-02  2.025275416688575650e-02  2.025275421350671706e-02
482 4821 1.869672e-10 4.142695e+00  2.025275408751850414e-02  2.025275410821741895e-02  2.025275416221088143e-02  2.025275441496092454e-02
483 4831 1.754193e-10 4.104699e+00  2.025275408072654132e-02  2.025275408072654132e-02  2.025275418090925067e-02  2.025275440388981524e-02
484 4841 1.616286e-10 4.108498e+00  2.025275408072654132e-02  2.025275409524824460e-02  2.025275415565804676e-02  2.025275427683354695e-02
485 4851 1.537577e-10 4.052628e+00  2.025275408072654132e-02  2.025275409638960938e-02  2.025275414647787625e-02  2.025275420530808432e-02
486 4861 1.454345e-10 4.048983e+00  2.025275407968818442e-02  2.025275407968818442e-02  2.025275413297913940e-02  2.025275420680027610e-02
487 4871 1.410520e-10 4.026407e+00  2.025275407968818442e-02  2.025275409700637991e-02  2.025275412449085294e-02  2.025275417358256280e-02
488 4881 1.299678e-10 4.000720e+00  2.025275407968818442e-02  2.025275408500430002e-02  2.025275412524329965e-02  2.025275420026086820e-02
489 4891 1.204989e-10 3.984850e+00  2.025275407206423087e-02  2.025275407206423087e-02  2.025275412291249744e-02  2.025275418727318782e-02
490 4901 1.159492e-10 4.009342e+00  2.025275407206423087e-02  2.025275409633440007e-02  2.025275411499168066e-02  2.025275417789654253e-02
491 4911 1.108671e-10 3.982326e+00  2.025275407206423087e-02  2.025275407784887793e-02  2.025275410278500401e-02  2.025275414035476035e-02
492 4921 1.164361e-10 3.909391e+00  2.025275407175260167e-02  2.025275407175260167e-02  2.025275408497223539e-02  2.025275412053218621e-02
493 4931 1.240201e-10 3.920281e+00  2.025275404578906480e-02  2.025275404578906480e-02  2.025275408645300923e-02  2.025275410551874433e-02
494 4941 1.200865e-10 3.925743e+00  2.025275404521658176e-02  2.025275404521658176e-02  2.025275409198278032e-02  2.025275413229703919e-02
495 4951 1.177895e-10 4.094025e+00  2.025275404521658176e-02  2.025275404858808970e-02  2.025275406983914617e-02  2.025275408783948350e-02
496 4961 1.194671e-10 4.091897e+00  2.025275404026998655e-02  2.025275404026998655e-02  2.025275408018077650e-02  2.025275426417484648e-02
497 4971 1.203309e-10 4.077393e+00  2.025275404026998655e-02  2.025275405626003611e-02  2.025275408595482440e-02  2.025275415800779216e-02
498 4981 1.187631e-10 4.095551e+00  2.025275402684312970e-02  2.025275402684312970e-02  2.025275407964406693e-02  2.025275411622793481e-02
499 4991 1.138951e-10 4.053279e+00  2.025275401269632097e-02  2.025275401269632097e-02  2.025275406941403483e-02  2.025275413204782188e-02
500 5001 1.069123e-10 4.027640e+00  2.025275401269632097e-02  2.025275401733342417e-02  2.025275405025760839e-02  2.025275409782271302e-02
501 5011 1.016536e-10 4.081488e+00  2.025275401269632097e-02  2.025275401881926687e-02  2.025275405593680161e-02  2.025275409649011926e-02
502 5021 9.525348e-11 3.921002e+00  2.025275401269632097e-02  2.025275401308500312e-02  2.025275404744077828e-02  2.025275407818056400e-02
503 5031 8.896289e-11 3.919568e+00  2.025275399716247593e-02  2.025275399716247593e-02  2.025275403096392021e-02  2.025275405134239690e-02
504 5041 8.262707e-11 3.966481e+00  2.025275399716247593e-02  2.025275400839072343e-02  2.025275403637394334e-02  2.025275409516599442e-02
505 5051 8.340145e-11 3.895318e+00  2.025275399716247593e-02  2.025275401869926911e-02  2.025275402964159949e-02  2.025275406862445809e-02
506 5061 8.313197e-11 3.927833e+00  2.025275399716247593e-02  2.025275400554071847e-02  2.025275403975052013e-02  2.025275409513556391e-02
507 5071 8.086748e-11 3.973394e+00  2.025275399716247593e-02  2.025275402684600934e-02  2.025275404707508817e-02  2.025275409872310389e-02
508 5081 7.798996e-11 3.965029e+00  2.025275399716247593e-02  2.025275402426249954e-02  2.025275405654406932e-02  2.025275412345817899e-02
509 5091 7.109750e-11 3.979596e+00  2.025275399274006211e-02  2.025275399274006211e-02  2.025275403243228731e-02  2.025275407020565160e-02
510 5101 6.910428e-11 3.885470e+00  2.025275399004806617e-02  2.025275399004806617e-02  2.025275402881452497e-02  2.025275405118697261e-02
511 5111 7.008592e-11 3.844386e+00  2.025275398608266872e-02  2.025275398608266872e-02  2.025275401919286733e-02  2.025275403663995277e-02
512 5121 6.524164e-11 3.810862e+00  2.025275398608266872e-02  2.025275399196016513e-02  2.025275401254898744e-02  2.025275408334952648e-02
513 5131 6.062169e-11 3.793882e+00  2.025275398608266872e-02  2.025275399154320699e-02  2.025275400703279230e-02  2.025275407140921663e-02
514 5141 5.844105e-11 3.795629e+00  2.025275398260600879e-02  2.025275398260600879e-02  2.025275399572597917e-02  2.025275407332290459e-02
515 5151 5.917283e-11 3.755267e+00  2.025275398260600879e-02  2.025275398610092148e-02  2.025275399278529675e-02  2.025275400606814380e-02
516 5161 5.447387e-11 3.759815e+00  2.025275398012253009e-02  2.025275398012253009e-02  2.025275399781182456e-02  2.025275401282945753e-02
517 5171 4.685598e-11 3.774239e+00  2.025275398012253009e-02  2.025275398603233745e-02  2.025275399268938736e-02  2.025275400128492831e-02
518 5181 4.221146e-11 3.776502e+00  2.025275397112865500e-02  2.025275397112865500e-02  2.025275399029053888e-02  2.025275401352503654e-02
