%  columns="iteration, evaluation, sigma, max axis length, min axis length, all principal axes lengths (sorted square roots of eigenvalues of C)" (startseed=212017, 2014/10/30 11:44:11.17)
1 11 2.844324e-01 1.088964e+00 9.821211e-01 9.821211e-01 9.821211e-01 9.821211e-01 9.821211e-01 9.821211e-01 9.828184e-01 9.876859e-01 1.007024e+00 1.018468e+00 1.088964e+00 
2 21 2.935580e-01 1.143308e+00 9.646077e-01 9.646077e-01 9.647380e-01 9.659102e-01 9.663104e-01 9.678928e-01 9.706717e-01 9.915338e-01 1.004540e+00 1.052684e+00 1.143308e+00 
3 31 2.948361e-01 1.150869e+00 9.478997e-01 9.478997e-01 9.501959e-01 9.532522e-01 9.580639e-01 9.673035e-01 9.707576e-01 9.816726e-01 1.035024e+00 1.073140e+00 1.150869e+00 
4 41 2.637912e-01 1.145205e+00 9.318907e-01 9.318907e-01 9.350903e-01 9.430145e-01 9.469487e-01 9.530690e-01 9.587216e-01 9.666320e-01 1.019545e+00 1.069818e+00 1.145205e+00 
5 51 2.418377e-01 1.138999e+00 9.201914e-01 9.201914e-01 9.233599e-01 9.294225e-01 9.339247e-01 9.391171e-01 9.518792e-01 9.661091e-01 1.004212e+00 1.054783e+00 1.138999e+00 
6 61 2.503028e-01 1.164383e+00 9.067439e-01 9.067439e-01 9.098835e-01 9.175143e-01 9.224628e-01 9.430514e-01 9.501154e-01 9.833009e-01 1.033586e+00 1.053552e+00 1.164383e+00 
7 71 2.432706e-01 1.162744e+00 8.938071e-01 8.938071e-01 8.957713e-01 9.086127e-01 9.100828e-01 9.274633e-01 9.382840e-01 9.734928e-01 1.041377e+00 1.058321e+00 1.162744e+00 
8 81 2.323217e-01 1.154746e+00 8.780544e-01 8.780544e-01 8.821972e-01 8.981243e-01 9.086171e-01 9.164409e-01 9.361368e-01 9.858574e-01 1.041668e+00 1.077164e+00 1.154746e+00 
9 91 2.084449e-01 1.150186e+00 8.639200e-01 8.639200e-01 8.723134e-01 8.892445e-01 8.983738e-01 9.083622e-01 9.224578e-01 9.726070e-01 1.030039e+00 1.065541e+00 1.150186e+00 
10 101 1.957881e-01 1.143430e+00 8.564933e-01 8.564933e-01 8.622924e-01 8.803074e-01 8.931833e-01 9.166772e-01 9.287657e-01 9.596455e-01 1.034785e+00 1.055884e+00 1.143430e+00 
11 111 1.879384e-01 1.135404e+00 8.444318e-01 8.444318e-01 8.494152e-01 8.740167e-01 8.875423e-01 9.073841e-01 9.434483e-01 9.902316e-01 1.025711e+00 1.038992e+00 1.135404e+00 
12 121 1.841376e-01 1.145756e+00 8.325148e-01 8.325148e-01 8.430014e-01 8.668336e-01 8.798498e-01 9.058366e-01 9.352306e-01 1.000176e+00 1.014585e+00 1.038306e+00 1.145756e+00 
13 131 1.758315e-01 1.157456e+00 8.184843e-01 8.184843e-01 8.327864e-01 8.639070e-01 8.666687e-01 8.966787e-01 9.435870e-01 9.909187e-01 1.003572e+00 1.034699e+00 1.157456e+00 
14 141 1.655149e-01 1.153204e+00 8.099508e-01 8.099508e-01 8.206910e-01 8.506923e-01 8.623556e-01 8.998545e-01 9.395091e-01 9.838566e-01 9.966674e-01 1.025321e+00 1.153204e+00 
15 151 1.529972e-01 1.148852e+00 8.011683e-01 8.011683e-01 8.141080e-01 8.470744e-01 8.488170e-01 8.900620e-01 9.308354e-01 9.701727e-01 9.935655e-01 1.015279e+00 1.148852e+00 
16 161 1.427592e-01 1.175956e+00 7.911937e-01 7.911937e-01 8.066536e-01 8.356298e-01 8.370117e-01 8.788433e-01 9.213038e-01 9.623799e-01 9.798630e-01 1.001115e+00 1.175956e+00 
17 171 1.344552e-01 1.165226e+00 7.839758e-01 7.839758e-01 8.066384e-01 8.229891e-01 8.484296e-01 8.694704e-01 9.098290e-01 9.504077e-01 9.794339e-01 9.895092e-01 1.165226e+00 
18 181 1.271225e-01 1.171607e+00 7.725165e-01 7.725165e-01 8.022155e-01 8.152492e-01 8.392412e-01 8.552824e-01 8.998919e-01 9.435588e-01 9.700055e-01 9.886344e-01 1.171607e+00 
19 191 1.111632e-01 1.167536e+00 7.647680e-01 7.647680e-01 7.910582e-01 8.065611e-01 8.316705e-01 8.517657e-01 8.899912e-01 9.359911e-01 9.569663e-01 9.928622e-01 1.167536e+00 
20 201 9.663226e-02 1.154838e+00 7.538939e-01 7.538939e-01 7.785917e-01 7.963756e-01 8.232171e-01 8.392081e-01 8.769865e-01 9.247237e-01 9.416779e-01 9.847822e-01 1.154838e+00 
21 211 9.233841e-02 1.167659e+00 7.456182e-01 7.456182e-01 7.716236e-01 7.863662e-01 8.159366e-01 8.311995e-01 8.633505e-01 9.110656e-01 9.409030e-01 9.975512e-01 1.167659e+00 
22 221 8.414307e-02 1.152022e+00 7.367207e-01 7.367207e-01 7.602758e-01 7.765392e-01 8.151893e-01 8.178550e-01 8.526364e-01 9.102532e-01 9.353696e-01 1.020860e+00 1.152022e+00 
23 231 7.616704e-02 1.150674e+00 7.272173e-01 7.272173e-01 7.476782e-01 7.664568e-01 8.078083e-01 8.106487e-01 8.413210e-01 9.085256e-01 9.220816e-01 1.020443e+00 1.150674e+00 
24 241 7.408374e-02 1.148590e+00 7.211201e-01 7.211201e-01 7.404417e-01 7.582852e-01 7.943082e-01 8.030143e-01 8.438216e-01 8.962032e-01 9.197222e-01 1.048611e+00 1.148590e+00 
25 251 6.922688e-02 1.133603e+00 7.128217e-01 7.128217e-01 7.281243e-01 7.525930e-01 7.911966e-01 7.964314e-01 8.328189e-01 8.857483e-01 9.122463e-01 1.058661e+00 1.133603e+00 
26 261 6.443719e-02 1.124879e+00 7.016818e-01 7.016818e-01 7.182766e-01 7.424527e-01 7.819462e-01 7.859400e-01 8.300698e-01 8.715785e-01 9.037692e-01 1.065316e+00 1.124879e+00 
27 271 6.843725e-02 1.119335e+00 6.949018e-01 6.949018e-01 7.267935e-01 7.372972e-01 7.714808e-01 7.766370e-01 8.435757e-01 8.854558e-01 9.561904e-01 1.058764e+00 1.119335e+00 
28 281 7.842636e-02 1.125904e+00 7.007986e-01 7.007986e-01 7.265122e-01 7.281007e-01 7.601754e-01 7.844798e-01 8.328309e-01 8.959577e-01 1.009520e+00 1.069699e+00 1.125904e+00 
29 291 7.766631e-02 1.128582e+00 6.908228e-01 6.908228e-01 7.162162e-01 7.188920e-01 7.657948e-01 7.816482e-01 8.268064e-01 8.882095e-01 1.000337e+00 1.066443e+00 1.128582e+00 
30 301 7.540351e-02 1.131379e+00 6.824540e-01 6.824540e-01 7.063516e-01 7.093736e-01 7.591559e-01 7.738473e-01 8.248519e-01 8.767670e-01 9.888227e-01 1.060322e+00 1.131379e+00 
31 311 7.283609e-02 1.124205e+00 6.759298e-01 6.759298e-01 6.954719e-01 7.000863e-01 7.542141e-01 7.691744e-01 8.183679e-01 8.657367e-01 9.834888e-01 1.056100e+00 1.124205e+00 
32 321 6.690070e-02 1.128796e+00 6.694695e-01 6.694695e-01 6.877567e-01 6.972827e-01 7.460693e-01 7.671934e-01 8.056538e-01 8.530554e-01 9.690430e-01 1.053317e+00 1.128796e+00 
33 331 6.020300e-02 1.114931e+00 6.659391e-01 6.659391e-01 6.768301e-01 6.880464e-01 7.376489e-01 7.649322e-01 7.981055e-01 8.426028e-01 9.583071e-01 1.040832e+00 1.114931e+00 
34 341 5.394120e-02 1.108837e+00 6.567624e-01 6.567624e-01 6.730142e-01 6.787850e-01 7.295238e-01 7.544986e-01 7.884792e-01 8.313384e-01 9.432641e-01 1.037934e+00 1.108837e+00 
35 351 5.228719e-02 1.111281e+00 6.460766e-01 6.460766e-01 6.629488e-01 6.671316e-01 7.197333e-01 7.416303e-01 8.068108e-01 8.331392e-01 9.319186e-01 1.051821e+00 1.111281e+00 
36 361 5.099745e-02 1.099322e+00 6.369174e-01 6.369174e-01 6.536324e-01 6.611434e-01 7.182574e-01 7.379042e-01 7.972048e-01 8.526409e-01 9.218086e-01 1.040295e+00 1.099322e+00 
37 371 4.983958e-02 1.087687e+00 6.286310e-01 6.286310e-01 6.477674e-01 6.633611e-01 7.115823e-01 7.306871e-01 7.844387e-01 8.612386e-01 9.198549e-01 1.030550e+00 1.087687e+00 
38 381 4.580717e-02 1.079396e+00 6.344450e-01 6.344450e-01 6.419085e-01 6.568969e-01 7.036119e-01 7.226045e-01 7.830551e-01 8.554930e-01 9.142173e-01 1.024510e+00 1.079396e+00 
39 391 4.546723e-02 1.071968e+00 6.268125e-01 6.268125e-01 6.398857e-01 6.631714e-01 7.044697e-01 7.161882e-01 7.935730e-01 8.444833e-01 9.283644e-01 1.009450e+00 1.071968e+00 
40 401 4.392594e-02 1.054413e+00 6.176660e-01 6.176660e-01 6.351743e-01 6.564294e-01 7.011718e-01 7.116214e-01 7.911889e-01 8.334436e-01 9.378175e-01 9.941363e-01 1.054413e+00 
41 411 4.263293e-02 1.047457e+00 6.095684e-01 6.095684e-01 6.300003e-01 6.474144e-01 7.001495e-01 7.149775e-01 7.814254e-01 8.342499e-01 9.282320e-01 9.921201e-01 1.047457e+00 
42 421 4.234797e-02 1.042771e+00 6.016722e-01 6.016722e-01 6.223792e-01 6.423993e-01 7.062435e-01 7.375894e-01 7.695671e-01 8.229339e-01 9.174588e-01 9.822063e-01 1.042771e+00 
43 431 3.893405e-02 1.032508e+00 6.000242e-01 6.000242e-01 6.137108e-01 6.355259e-01 6.953889e-01 7.398439e-01 7.650227e-01 8.455136e-01 9.036125e-01 9.692580e-01 1.032508e+00 
44 441 3.377924e-02 1.016747e+00 5.953079e-01 5.953079e-01 6.084404e-01 6.285114e-01 6.840207e-01 7.361143e-01 7.546639e-01 8.343453e-01 8.919659e-01 9.594171e-01 1.016747e+00 
45 451 3.145474e-02 1.039381e+00 5.867335e-01 5.867335e-01 5.989105e-01 6.218088e-01 6.770565e-01 7.255008e-01 7.451846e-01 8.317229e-01 8.771821e-01 9.554143e-01 1.039381e+00 
46 461 3.007999e-02 1.051599e+00 5.802132e-01 5.802132e-01 5.900052e-01 6.249217e-01 6.688059e-01 7.176306e-01 7.360452e-01 8.237017e-01 8.704291e-01 9.470512e-01 1.051599e+00 
47 471 2.776133e-02 1.043813e+00 5.742612e-01 5.742612e-01 5.849512e-01 6.168579e-01 6.613006e-01 7.199419e-01 7.273516e-01 8.185004e-01 8.719763e-01 9.365475e-01 1.043813e+00 
48 481 2.638589e-02 1.031410e+00 5.731909e-01 5.731909e-01 5.961889e-01 6.154945e-01 6.503062e-01 7.082710e-01 7.258231e-01 8.087383e-01 8.739309e-01 9.217773e-01 1.031410e+00 
49 491 2.689066e-02 1.119679e+00 5.672724e-01 5.672724e-01 5.898417e-01 6.091383e-01 6.419946e-01 7.103615e-01 7.160600e-01 7.963970e-01 8.717894e-01 9.099198e-01 1.119679e+00 
50 501 2.748431e-02 1.176627e+00 5.596306e-01 5.596306e-01 5.836288e-01 6.001377e-01 6.336012e-01 7.046678e-01 7.115333e-01 7.922386e-01 8.666572e-01 9.074830e-01 1.176627e+00 
51 511 2.784856e-02 1.207047e+00 5.528318e-01 5.528318e-01 5.780601e-01 5.944373e-01 6.505120e-01 6.956425e-01 7.026117e-01 7.986094e-01 8.821937e-01 8.955893e-01 1.207047e+00 
52 521 2.652594e-02 1.196724e+00 5.457667e-01 5.457667e-01 5.715489e-01 5.935713e-01 6.470841e-01 6.873594e-01 7.043291e-01 7.926741e-01 8.835649e-01 8.952025e-01 1.196724e+00 
53 531 2.653708e-02 1.185998e+00 5.366583e-01 5.366583e-01 5.617320e-01 5.855070e-01 6.417290e-01 6.761372e-01 6.954855e-01 8.002777e-01 8.736212e-01 9.310914e-01 1.185998e+00 
54 541 2.508307e-02 1.168551e+00 5.283737e-01 5.283737e-01 5.538421e-01 5.894489e-01 6.435070e-01 6.681229e-01 6.908732e-01 7.914694e-01 8.623021e-01 9.341969e-01 1.168551e+00 
55 551 2.240075e-02 1.168206e+00 5.226569e-01 5.226569e-01 5.464011e-01 5.845920e-01 6.329676e-01 6.688177e-01 6.814650e-01 7.820651e-01 8.583255e-01 9.240680e-01 1.168206e+00 
56 561 1.911627e-02 1.153524e+00 5.154360e-01 5.154360e-01 5.379261e-01 5.753028e-01 6.279431e-01 6.589740e-01 6.785530e-01 7.740795e-01 8.433639e-01 9.118932e-01 1.153524e+00 
57 571 1.883107e-02 1.204136e+00 5.076430e-01 5.076430e-01 5.332837e-01 5.751210e-01 6.255718e-01 6.496337e-01 6.708146e-01 7.633407e-01 8.401891e-01 9.060420e-01 1.204136e+00 
58 581 1.849578e-02 1.225844e+00 4.994739e-01 4.994739e-01 5.249827e-01 5.708154e-01 6.161907e-01 6.399763e-01 6.651664e-01 7.570311e-01 8.296386e-01 8.997317e-01 1.225844e+00 
59 591 1.762339e-02 1.226140e+00 4.923806e-01 4.923806e-01 5.192265e-01 5.663357e-01 6.084611e-01 6.337001e-01 6.644863e-01 7.466818e-01 8.316442e-01 8.993975e-01 1.226140e+00 
60 601 1.693984e-02 1.243193e+00 4.879267e-01 4.879267e-01 5.131254e-01 5.683166e-01 5.992252e-01 6.256435e-01 6.555394e-01 7.506833e-01 8.252301e-01 8.999900e-01 1.243193e+00 
61 611 1.594196e-02 1.235782e+00 4.856651e-01 4.856651e-01 5.064685e-01 5.617285e-01 5.914678e-01 6.186234e-01 6.510581e-01 7.560250e-01 8.202811e-01 8.893888e-01 1.235782e+00 
62 621 1.502045e-02 1.252430e+00 4.781782e-01 4.781782e-01 5.059246e-01 5.557039e-01 5.853897e-01 6.094062e-01 6.411431e-01 7.545693e-01 8.083167e-01 8.797391e-01 1.252430e+00 
63 631 1.393056e-02 1.241463e+00 4.741809e-01 4.741809e-01 5.024313e-01 5.461032e-01 5.855180e-01 6.013016e-01 6.335711e-01 7.538546e-01 8.014449e-01 8.700573e-01 1.241463e+00 
64 641 1.311147e-02 1.227598e+00 4.687244e-01 4.687244e-01 5.078558e-01 5.377193e-01 5.808423e-01 5.974520e-01 6.288032e-01 7.459442e-01 7.901550e-01 8.713623e-01 1.227598e+00 
65 651 1.155703e-02 1.211470e+00 4.632476e-01 4.632476e-01 5.010777e-01 5.306812e-01 5.847394e-01 5.987684e-01 6.188082e-01 7.358285e-01 7.791547e-01 8.635416e-01 1.211470e+00 
66 661 1.116163e-02 1.217645e+00 4.613114e-01 4.613114e-01 5.022181e-01 5.252764e-01 5.764832e-01 5.913936e-01 6.226386e-01 7.267494e-01 7.797041e-01 8.704569e-01 1.217645e+00 
67 671 9.908815e-03 1.242953e+00 4.602956e-01 4.602956e-01 4.961778e-01 5.191024e-01 5.685134e-01 5.834273e-01 6.167299e-01 7.193737e-01 7.785072e-01 8.630564e-01 1.242953e+00 
68 681 9.150377e-03 1.241641e+00 4.533961e-01 4.533961e-01 4.901048e-01 5.183784e-01 5.659234e-01 5.774983e-01 6.096144e-01 7.123738e-01 7.660764e-01 8.695633e-01 1.241641e+00 
69 691 7.796590e-03 1.224750e+00 4.479944e-01 4.479944e-01 4.835173e-01 5.118962e-01 5.573757e-01 5.703506e-01 6.022396e-01 7.095822e-01 7.532286e-01 8.605768e-01 1.224750e+00 
70 701 7.134708e-03 1.233473e+00 4.428983e-01 4.428983e-01 4.821803e-01 5.032530e-01 5.500609e-01 5.631142e-01 5.966753e-01 7.048552e-01 7.424460e-01 8.589619e-01 1.233473e+00 
71 711 6.715283e-03 1.230297e+00 4.370092e-01 4.370092e-01 4.780864e-01 4.981219e-01 5.418723e-01 5.567684e-01 5.913326e-01 6.981105e-01 7.339157e-01 8.589740e-01 1.230297e+00 
72 721 6.421175e-03 1.215479e+00 4.306330e-01 4.306330e-01 4.811258e-01 4.921689e-01 5.344428e-01 5.482254e-01 5.992748e-01 6.944203e-01 7.270710e-01 8.532416e-01 1.215479e+00 
73 731 6.167506e-03 1.199541e+00 4.238164e-01 4.238164e-01 4.758274e-01 4.850406e-01 5.265844e-01 5.399429e-01 5.943157e-01 6.883988e-01 7.203558e-01 8.781079e-01 1.199541e+00 
74 741 6.195840e-03 1.185519e+00 4.305872e-01 4.305872e-01 4.711026e-01 4.855809e-01 5.194994e-01 5.415294e-01 5.879945e-01 6.775313e-01 7.105928e-01 8.922830e-01 1.185519e+00 
75 751 6.139083e-03 1.168561e+00 4.251396e-01 4.251396e-01 4.631283e-01 4.801015e-01 5.188618e-01 5.380695e-01 6.044600e-01 6.686711e-01 7.137017e-01 9.254604e-01 1.168561e+00 
76 761 6.178270e-03 1.174745e+00 4.193957e-01 4.193957e-01 4.552955e-01 4.794249e-01 5.247092e-01 5.292297e-01 6.062777e-01 6.621144e-01 7.047890e-01 9.411220e-01 1.174745e+00 
77 771 6.295335e-03 1.177050e+00 4.146086e-01 4.146086e-01 4.521595e-01 4.729583e-01 5.190560e-01 5.204993e-01 6.114626e-01 6.514268e-01 6.989085e-01 9.887058e-01 1.177050e+00 
78 781 6.765669e-03 1.242095e+00 4.150123e-01 4.150123e-01 4.454157e-01 4.686105e-01 5.125918e-01 5.152430e-01 6.153659e-01 6.489095e-01 6.967856e-01 1.009821e+00 1.242095e+00 
79 791 7.118000e-03 1.247646e+00 4.085467e-01 4.085467e-01 4.384701e-01 4.612312e-01 5.069020e-01 5.093513e-01 6.187152e-01 6.447385e-01 6.910450e-01 1.055010e+00 1.247646e+00 
80 801 7.097171e-03 1.243412e+00 4.039140e-01 4.039140e-01 4.341543e-01 4.579763e-01 5.002990e-01 5.059309e-01 6.198857e-01 6.381718e-01 6.812660e-01 1.072227e+00 1.243412e+00 
81 811 7.446414e-03 1.276173e+00 3.977214e-01 3.977214e-01 4.328052e-01 4.664470e-01 4.939383e-01 5.017521e-01 6.162142e-01 6.306874e-01 6.753274e-01 1.076742e+00 1.276173e+00 
82 821 8.119987e-03 1.362199e+00 3.956499e-01 3.956499e-01 4.370705e-01 4.676524e-01 4.931703e-01 4.968111e-01 6.075373e-01 6.256165e-01 6.662935e-01 1.070171e+00 1.362199e+00 
83 831 7.563649e-03 1.365860e+00 3.904379e-01 3.904379e-01 4.307787e-01 4.614351e-01 4.893639e-01 4.962950e-01 6.026306e-01 6.197296e-01 6.619276e-01 1.061625e+00 1.365860e+00 
84 841 7.616535e-03 1.374006e+00 3.846772e-01 3.846772e-01 4.245894e-01 4.557484e-01 4.881550e-01 5.039003e-01 5.976129e-01 6.153532e-01 6.533756e-01 1.062936e+00 1.374006e+00 
85 851 7.478610e-03 1.405937e+00 3.803124e-01 3.803124e-01 4.187113e-01 4.538117e-01 4.844036e-01 4.982703e-01 6.024420e-01 6.060826e-01 6.431762e-01 1.049531e+00 1.405937e+00 
86 861 7.500180e-03 1.427339e+00 3.747100e-01 3.747100e-01 4.149566e-01 4.513538e-01 4.863929e-01 5.044116e-01 5.978739e-01 6.089862e-01 6.338260e-01 1.034615e+00 1.427339e+00 
87 871 7.177360e-03 1.447381e+00 3.698841e-01 3.698841e-01 4.106179e-01 4.468386e-01 4.820857e-01 4.983174e-01 5.902759e-01 6.031866e-01 6.344409e-01 1.018685e+00 1.447381e+00 
88 881 7.018028e-03 1.483982e+00 3.656159e-01 3.656159e-01 4.061622e-01 4.442459e-01 4.769125e-01 4.948017e-01 5.835814e-01 6.000611e-01 6.242626e-01 1.005081e+00 1.483982e+00 
89 891 6.995100e-03 1.535924e+00 3.660303e-01 3.660303e-01 4.019780e-01 4.373641e-01 4.718647e-01 4.930068e-01 5.745901e-01 5.978186e-01 6.200640e-01 9.961680e-01 1.535924e+00 
90 901 6.752471e-03 1.532515e+00 3.652557e-01 3.652557e-01 3.979206e-01 4.334475e-01 4.677812e-01 4.885192e-01 5.767373e-01 5.935235e-01 6.204348e-01 9.926251e-01 1.532515e+00 
91 911 6.410623e-03 1.544994e+00 3.617447e-01 3.617447e-01 3.940910e-01 4.271560e-01 4.619508e-01 4.860959e-01 5.674418e-01 5.874570e-01 6.171758e-01 9.952614e-01 1.544994e+00 
92 921 5.795945e-03 1.536771e+00 3.560528e-01 3.560528e-01 3.902972e-01 4.199107e-01 4.569253e-01 4.796215e-01 5.636429e-01 5.796742e-01 6.112812e-01 9.817811e-01 1.536771e+00 
93 931 5.289117e-03 1.539507e+00 3.517145e-01 3.517145e-01 3.886193e-01 4.140302e-01 4.522038e-01 4.722851e-01 5.592941e-01 5.701825e-01 6.069948e-01 9.735147e-01 1.539507e+00 
94 941 5.049067e-03 1.542087e+00 3.499662e-01 3.499662e-01 3.928211e-01 4.079080e-01 4.464227e-01 4.661615e-01 5.497146e-01 5.699317e-01 6.010412e-01 9.676386e-01 1.542087e+00 
95 951 4.521288e-03 1.533553e+00 3.457800e-01 3.457800e-01 3.967429e-01 4.021278e-01 4.397458e-01 4.596375e-01 5.444633e-01 5.614493e-01 6.036954e-01 9.593860e-01 1.533553e+00 
96 961 4.381244e-03 1.526548e+00 3.404913e-01 3.404913e-01 3.967370e-01 4.018857e-01 4.350946e-01 4.598894e-01 5.389254e-01 5.573507e-01 6.059139e-01 9.600254e-01 1.526548e+00 
97 971 3.994733e-03 1.502347e+00 3.351878e-01 3.351878e-01 3.941228e-01 3.974943e-01 4.301277e-01 4.562844e-01 5.321134e-01 5.494871e-01 6.024769e-01 9.468995e-01 1.502347e+00 
98 981 3.921431e-03 1.486983e+00 3.346861e-01 3.346861e-01 3.924801e-01 4.006727e-01 4.279336e-01 4.498259e-01 5.292719e-01 5.429068e-01 6.130371e-01 9.420883e-01 1.486983e+00 
99 991 3.538087e-03 1.469888e+00 3.350347e-01 3.350347e-01 3.873379e-01 4.022606e-01 4.214163e-01 4.461124e-01 5.258464e-01 5.370477e-01 6.068704e-01 9.417274e-01 1.469888e+00 
100 1001 3.265574e-03 1.459993e+00 3.298301e-01 3.298301e-01 3.883743e-01 4.018074e-01 4.174366e-01 4.417873e-01 5.204823e-01 5.314714e-01 6.023033e-01 9.373566e-01 1.459993e+00 
101 1011 3.092151e-03 1.441395e+00 3.276842e-01 3.276842e-01 3.830460e-01 3.985511e-01 4.164315e-01 4.463807e-01 5.134321e-01 5.233003e-01 5.968547e-01 9.282490e-01 1.441395e+00 
102 1021 3.192384e-03 1.425285e+00 3.257406e-01 3.257406e-01 3.825657e-01 3.944130e-01 4.140642e-01 4.657430e-01 5.066727e-01 5.354382e-01 5.898753e-01 9.134907e-01 1.425285e+00 
103 1031 2.887074e-03 1.403834e+00 3.216688e-01 3.216688e-01 3.815555e-01 3.881088e-01 4.087053e-01 4.625639e-01 5.033817e-01 5.316355e-01 5.816607e-01 8.986039e-01 1.403834e+00 
104 1041 2.797030e-03 1.384796e+00 3.171129e-01 3.171129e-01 3.797057e-01 3.827006e-01 4.043983e-01 4.581640e-01 4.986695e-01 5.286693e-01 5.902683e-01 9.010975e-01 1.384796e+00 
105 1051 2.706889e-03 1.366306e+00 3.146965e-01 3.146965e-01 3.754433e-01 3.825886e-01 4.049684e-01 4.526422e-01 4.947430e-01 5.228853e-01 5.825849e-01 9.033397e-01 1.366306e+00 
106 1061 2.522914e-03 1.359226e+00 3.099028e-01 3.099028e-01 3.696344e-01 3.771647e-01 4.005664e-01 4.528396e-01 4.878863e-01 5.213010e-01 5.816203e-01 9.048784e-01 1.359226e+00 
107 1071 2.352589e-03 1.341647e+00 3.060132e-01 3.060132e-01 3.667735e-01 3.765501e-01 3.966892e-01 4.534710e-01 4.820823e-01 5.156682e-01 5.795914e-01 8.986521e-01 1.341647e+00 
108 1081 2.195506e-03 1.327698e+00 3.031754e-01 3.031754e-01 3.635443e-01 3.758413e-01 3.934034e-01 4.503619e-01 4.780282e-01 5.108116e-01 5.807562e-01 8.917825e-01 1.327698e+00 
109 1091 2.104431e-03 1.348405e+00 2.986339e-01 2.986339e-01 3.585147e-01 3.723523e-01 3.924519e-01 4.463323e-01 4.727946e-01 5.042414e-01 5.883566e-01 8.796135e-01 1.348405e+00 
110 1101 1.903774e-03 1.344869e+00 2.937248e-01 2.937248e-01 3.551510e-01 3.734040e-01 3.873091e-01 4.425214e-01 4.709954e-01 4.968625e-01 5.848151e-01 8.718136e-01 1.344869e+00 
111 1111 1.784449e-03 1.368012e+00 2.893090e-01 2.893090e-01 3.494594e-01 3.678897e-01 3.807929e-01 4.391565e-01 4.644485e-01 4.984146e-01 5.823255e-01 8.655928e-01 1.368012e+00 
112 1121 1.620337e-03 1.360343e+00 2.864503e-01 2.864503e-01 3.463271e-01 3.642289e-01 3.823754e-01 4.366623e-01 4.650640e-01 4.942696e-01 5.770308e-01 8.582128e-01 1.360343e+00 
113 1131 1.584900e-03 1.351539e+00 2.821407e-01 2.821407e-01 3.433030e-01 3.686641e-01 3.799277e-01 4.347701e-01 4.596233e-01 4.905628e-01 6.058005e-01 8.495029e-01 1.351539e+00 
114 1141 1.535232e-03 1.339898e+00 2.799623e-01 2.799623e-01 3.402551e-01 3.656694e-01 3.763807e-01 4.293877e-01 4.569313e-01 5.045973e-01 6.063016e-01 8.353699e-01 1.339898e+00 
115 1151 1.512959e-03 1.326604e+00 2.761546e-01 2.761546e-01 3.386954e-01 3.683761e-01 3.714347e-01 4.260075e-01 4.510785e-01 5.016717e-01 6.024721e-01 8.376072e-01 1.326604e+00 
116 1161 1.402997e-03 1.309765e+00 2.760753e-01 2.760753e-01 3.340383e-01 3.641082e-01 3.698934e-01 4.217764e-01 4.500601e-01 4.942156e-01 5.961205e-01 8.272291e-01 1.309765e+00 
117 1171 1.363478e-03 1.320934e+00 2.745630e-01 2.745630e-01 3.314010e-01 3.584120e-01 3.675831e-01 4.169902e-01 4.462984e-01 4.947163e-01 5.919457e-01 8.147814e-01 1.320934e+00 
118 1181 1.295791e-03 1.308972e+00 2.713443e-01 2.713443e-01 3.264264e-01 3.591519e-01 3.622489e-01 4.165566e-01 4.448037e-01 4.915472e-01 5.867793e-01 8.104847e-01 1.308972e+00 
119 1191 1.224021e-03 1.323304e+00 2.668775e-01 2.668775e-01 3.228560e-01 3.543582e-01 3.571635e-01 4.114199e-01 4.474442e-01 4.926544e-01 5.795032e-01 7.992189e-01 1.323304e+00 
120 1201 1.209816e-03 1.317235e+00 2.637355e-01 2.637355e-01 3.201247e-01 3.486376e-01 3.556625e-01 4.109794e-01 4.439643e-01 4.956724e-01 5.814397e-01 7.965632e-01 1.317235e+00 
121 1211 1.115978e-03 1.299765e+00 2.606065e-01 2.606065e-01 3.145884e-01 3.447442e-01 3.508891e-01 4.048676e-01 4.403677e-01 4.899724e-01 5.846761e-01 7.933958e-01 1.299765e+00 
122 1221 1.096887e-03 1.284122e+00 2.567815e-01 2.567815e-01 3.093171e-01 3.402529e-01 3.480997e-01 3.999885e-01 4.397446e-01 4.836776e-01 5.772751e-01 8.252152e-01 1.284122e+00 
123 1231 1.018732e-03 1.271179e+00 2.545893e-01 2.545893e-01 3.054981e-01 3.357946e-01 3.529850e-01 3.994472e-01 4.370429e-01 4.769824e-01 5.694228e-01 8.181720e-01 1.271179e+00 
124 1241 9.323576e-04 1.266246e+00 2.505304e-01 2.505304e-01 3.026164e-01 3.311535e-01 3.477205e-01 3.955209e-01 4.340856e-01 4.697253e-01 5.650405e-01 8.245743e-01 1.266246e+00 
125 1251 9.270276e-04 1.254507e+00 2.515718e-01 2.515718e-01 3.022812e-01 3.279983e-01 3.452947e-01 3.897208e-01 4.268374e-01 4.702851e-01 5.611396e-01 8.386523e-01 1.254507e+00 
126 1261 9.237422e-04 1.233695e+00 2.549839e-01 2.549839e-01 2.986666e-01 3.225751e-01 3.407809e-01 3.865786e-01 4.217709e-01 4.690634e-01 5.566270e-01 8.455189e-01 1.233695e+00 
127 1271 8.440863e-04 1.212823e+00 2.527338e-01 2.527338e-01 2.992675e-01 3.187662e-01 3.366813e-01 3.825689e-01 4.184633e-01 4.653292e-01 5.529152e-01 8.437296e-01 1.212823e+00 
128 1281 7.750502e-04 1.201512e+00 2.487514e-01 2.487514e-01 2.990297e-01 3.152156e-01 3.374990e-01 3.830194e-01 4.126070e-01 4.591474e-01 5.450218e-01 8.370699e-01 1.201512e+00 
129 1291 7.202668e-04 1.188060e+00 2.472770e-01 2.472770e-01 2.970069e-01 3.108167e-01 3.370707e-01 3.794477e-01 4.087084e-01 4.549125e-01 5.367443e-01 8.314438e-01 1.188060e+00 
130 1301 6.709798e-04 1.185671e+00 2.456824e-01 2.456824e-01 2.963348e-01 3.083869e-01 3.336659e-01 3.791512e-01 4.056728e-01 4.538692e-01 5.307242e-01 8.216837e-01 1.185671e+00 
131 1311 6.195222e-04 1.174137e+00 2.427594e-01 2.427594e-01 2.944680e-01 3.133921e-01 3.306942e-01 3.737650e-01 4.081869e-01 4.473695e-01 5.240386e-01 8.086180e-01 1.174137e+00 
132 1321 5.909284e-04 1.161092e+00 2.418308e-01 2.418308e-01 2.946809e-01 3.116675e-01 3.286532e-01 3.721634e-01 4.040349e-01 4.495022e-01 5.240068e-01 8.114985e-01 1.161092e+00 
133 1331 5.147588e-04 1.151801e+00 2.405571e-01 2.405571e-01 2.911773e-01 3.083014e-01 3.250964e-01 3.705954e-01 3.974244e-01 4.438807e-01 5.181644e-01 8.003366e-01 1.151801e+00 
134 1341 4.753829e-04 1.143984e+00 2.403126e-01 2.403126e-01 2.909711e-01 3.058533e-01 3.240214e-01 3.650014e-01 3.922529e-01 4.403441e-01 5.146111e-01 7.920933e-01 1.143984e+00 
135 1351 4.286704e-04 1.130650e+00 2.384514e-01 2.384514e-01 2.893461e-01 3.037564e-01 3.191619e-01 3.602874e-01 3.869789e-01 4.329590e-01 5.056088e-01 7.993017e-01 1.130650e+00 
136 1361 4.049413e-04 1.125904e+00 2.379873e-01 2.379873e-01 2.852133e-01 3.034009e-01 3.148119e-01 3.557762e-01 3.834608e-01 4.275438e-01 5.016561e-01 8.060913e-01 1.125904e+00 
137 1371 3.952704e-04 1.113081e+00 2.353406e-01 2.353406e-01 2.811904e-01 2.987083e-01 3.126796e-01 3.599749e-01 3.833417e-01 4.269247e-01 4.944242e-01 8.076781e-01 1.113081e+00 
138 1381 3.870838e-04 1.097387e+00 2.315450e-01 2.315450e-01 2.774211e-01 2.973596e-01 3.089842e-01 3.558276e-01 3.856685e-01 4.287847e-01 4.879269e-01 8.047235e-01 1.097387e+00 
139 1391 3.921912e-04 1.087908e+00 2.281361e-01 2.281361e-01 2.740784e-01 2.951693e-01 3.089372e-01 3.650468e-01 3.824744e-01 4.341240e-01 4.818609e-01 7.967850e-01 1.087908e+00 
140 1401 3.899649e-04 1.080200e+00 2.255916e-01 2.255916e-01 2.710953e-01 2.941654e-01 3.057877e-01 3.647023e-01 3.780490e-01 4.368747e-01 4.786121e-01 8.022394e-01 1.080200e+00 
141 1411 3.766291e-04 1.105299e+00 2.235714e-01 2.235714e-01 2.668675e-01 2.909921e-01 3.045730e-01 3.641159e-01 3.743847e-01 4.361468e-01 4.745862e-01 7.943058e-01 1.105299e+00 
142 1421 3.408123e-04 1.096422e+00 2.205187e-01 2.205187e-01 2.634135e-01 2.890478e-01 3.014425e-01 3.585927e-01 3.700027e-01 4.309102e-01 4.669113e-01 7.955601e-01 1.096422e+00 
143 1431 3.167810e-04 1.081827e+00 2.168841e-01 2.168841e-01 2.591012e-01 2.846553e-01 2.986504e-01 3.531699e-01 3.648313e-01 4.300413e-01 4.620946e-01 8.092930e-01 1.081827e+00 
144 1441 2.919737e-04 1.072948e+00 2.139464e-01 2.139464e-01 2.553492e-01 2.827812e-01 2.955222e-01 3.485437e-01 3.626247e-01 4.295233e-01 4.562693e-01 8.034153e-01 1.072948e+00 
145 1451 2.737404e-04 1.065938e+00 2.113176e-01 2.113176e-01 2.540559e-01 2.808520e-01 2.925694e-01 3.438847e-01 3.626612e-01 4.251056e-01 4.529658e-01 7.983012e-01 1.065938e+00 
146 1461 2.674485e-04 1.056970e+00 2.084206e-01 2.084206e-01 2.546631e-01 2.763235e-01 2.889745e-01 3.401484e-01 3.623537e-01 4.239328e-01 4.656641e-01 7.868616e-01 1.056970e+00 
147 1471 2.507207e-04 1.061221e+00 2.064441e-01 2.064441e-01 2.538312e-01 2.721687e-01 2.867730e-01 3.351221e-01 3.603126e-01 4.342010e-01 4.626897e-01 7.797666e-01 1.061221e+00 
148 1481 2.213378e-04 1.044983e+00 2.061776e-01 2.061776e-01 2.504563e-01 2.724764e-01 2.827733e-01 3.350735e-01 3.544224e-01 4.282550e-01 4.584303e-01 7.696325e-01 1.044983e+00 
149 1491 2.038870e-04 1.037767e+00 2.040611e-01 2.040611e-01 2.489091e-01 2.700443e-01 2.818135e-01 3.312262e-01 3.513944e-01 4.218470e-01 4.606377e-01 7.589752e-01 1.037767e+00 
150 1501 1.933924e-04 1.035436e+00 2.027263e-01 2.027263e-01 2.453217e-01 2.721694e-01 2.817205e-01 3.275059e-01 3.476674e-01 4.333988e-01 4.611243e-01 7.507817e-01 1.035436e+00 
151 1511 1.847174e-04 1.026024e+00 2.012796e-01 2.012796e-01 2.419576e-01 2.691538e-01 2.785635e-01 3.249195e-01 3.508910e-01 4.384833e-01 4.589245e-01 7.442922e-01 1.026024e+00 
152 1521 1.835230e-04 1.019275e+00 1.991974e-01 1.991974e-01 2.437238e-01 2.647577e-01 2.783220e-01 3.244455e-01 3.529041e-01 4.364131e-01 4.551367e-01 7.716330e-01 1.019275e+00 
153 1531 1.752507e-04 1.010151e+00 1.984235e-01 1.984235e-01 2.456636e-01 2.607778e-01 2.747113e-01 3.235653e-01 3.502347e-01 4.320449e-01 4.593258e-01 7.645845e-01 1.010151e+00 
154 1541 1.733385e-04 9.947975e-01 1.997478e-01 1.997478e-01 2.496721e-01 2.608289e-01 2.774753e-01 3.197165e-01 3.468119e-01 4.266332e-01 4.563794e-01 7.547517e-01 9.947975e-01 
155 1551 1.676873e-04 9.814215e-01 2.009213e-01 2.009213e-01 2.478358e-01 2.580335e-01 2.736823e-01 3.151978e-01 3.471825e-01 4.277247e-01 4.589254e-01 7.505544e-01 9.814215e-01 
156 1561 1.553290e-04 9.675248e-01 1.988993e-01 1.988993e-01 2.454101e-01 2.553878e-01 2.748646e-01 3.141648e-01 3.458999e-01 4.247005e-01 4.581211e-01 7.463184e-01 9.675248e-01 
157 1571 1.402443e-04 9.529591e-01 1.970428e-01 1.970428e-01 2.417865e-01 2.548606e-01 2.720281e-01 3.118313e-01 3.419463e-01 4.191645e-01 4.587261e-01 7.359379e-01 9.529591e-01 
158 1581 1.300428e-04 9.393441e-01 1.964715e-01 1.964715e-01 2.398713e-01 2.612552e-01 2.690138e-01 3.075499e-01 3.368078e-01 4.153460e-01 4.546698e-01 7.276725e-01 9.393441e-01 
159 1591 1.241773e-04 9.268488e-01 1.981556e-01 1.981556e-01 2.367956e-01 2.611294e-01 2.650528e-01 3.083119e-01 3.374400e-01 4.160749e-01 4.482036e-01 7.189923e-01 9.268488e-01 
160 1601 1.174357e-04 9.156642e-01 1.983612e-01 1.983612e-01 2.363571e-01 2.587909e-01 2.610731e-01 3.072288e-01 3.344700e-01 4.116282e-01 4.512710e-01 7.095263e-01 9.156642e-01 
161 1611 1.087514e-04 9.098991e-01 1.975886e-01 1.975886e-01 2.358904e-01 2.565406e-01 2.595202e-01 3.024625e-01 3.354644e-01 4.059235e-01 4.478720e-01 6.981986e-01 9.098991e-01 
162 1621 1.025787e-04 8.971238e-01 1.966933e-01 1.966933e-01 2.328447e-01 2.558630e-01 2.586126e-01 2.992769e-01 3.317888e-01 4.058095e-01 4.487936e-01 6.874699e-01 8.971238e-01 
163 1631 9.119526e-05 8.839931e-01 1.950780e-01 1.950780e-01 2.310456e-01 2.539222e-01 2.581947e-01 2.955635e-01 3.306391e-01 4.051192e-01 4.444714e-01 6.796372e-01 8.839931e-01 
164 1641 8.726005e-05 8.789109e-01 1.925569e-01 1.925569e-01 2.288713e-01 2.509204e-01 2.564615e-01 3.038165e-01 3.276858e-01 3.991489e-01 4.493832e-01 6.784358e-01 8.789109e-01 
165 1651 8.312362e-05 8.727329e-01 1.899820e-01 1.899820e-01 2.267602e-01 2.495858e-01 2.555180e-01 3.034917e-01 3.294582e-01 3.951089e-01 4.482705e-01 6.717073e-01 8.727329e-01 
166 1661 8.476487e-05 8.657876e-01 1.876142e-01 1.876142e-01 2.289861e-01 2.502305e-01 2.519389e-01 3.055374e-01 3.241460e-01 3.984355e-01 4.434281e-01 6.865001e-01 8.657876e-01 
167 1671 8.278157e-05 8.568540e-01 1.861720e-01 1.861720e-01 2.263418e-01 2.465504e-01 2.538685e-01 3.081139e-01 3.229928e-01 4.013889e-01 4.397594e-01 6.819433e-01 8.568540e-01 
168 1681 7.662654e-05 8.490735e-01 1.869296e-01 1.869296e-01 2.228361e-01 2.456637e-01 2.508763e-01 3.057615e-01 3.187923e-01 3.974064e-01 4.417969e-01 6.773542e-01 8.490735e-01 
169 1691 7.082805e-05 8.383142e-01 1.838034e-01 1.838034e-01 2.209241e-01 2.440103e-01 2.485427e-01 3.059777e-01 3.167458e-01 3.940170e-01 4.380385e-01 6.711847e-01 8.383142e-01 
170 1701 6.599071e-05 8.358764e-01 1.815708e-01 1.815708e-01 2.185288e-01 2.411011e-01 2.479593e-01 3.023047e-01 3.130737e-01 3.924800e-01 4.362265e-01 6.641237e-01 8.358764e-01 
171 1711 6.382854e-05 8.477962e-01 1.787290e-01 1.787290e-01 2.157089e-01 2.394322e-01 2.443560e-01 2.980488e-01 3.130191e-01 3.909147e-01 4.316267e-01 6.552742e-01 8.477962e-01 
172 1721 6.001106e-05 8.382304e-01 1.773225e-01 1.773225e-01 2.170022e-01 2.367658e-01 2.425059e-01 2.934033e-01 3.122665e-01 3.865744e-01 4.278547e-01 6.469231e-01 8.382304e-01 
173 1731 5.920788e-05 8.447659e-01 1.750264e-01 1.750264e-01 2.155295e-01 2.337537e-01 2.393952e-01 2.911941e-01 3.121090e-01 3.817190e-01 4.248984e-01 6.401965e-01 8.447659e-01 
174 1741 5.638636e-05 8.341942e-01 1.720600e-01 1.720600e-01 2.153507e-01 2.313185e-01 2.392939e-01 2.882873e-01 3.090221e-01 3.797738e-01 4.268003e-01 6.316381e-01 8.341942e-01 
175 1751 5.414817e-05 8.389365e-01 1.740460e-01 1.740460e-01 2.131311e-01 2.314986e-01 2.366495e-01 2.846458e-01 3.061021e-01 3.765572e-01 4.230396e-01 6.319381e-01 8.389365e-01 
176 1761 4.683715e-05 8.301200e-01 1.716568e-01 1.716568e-01 2.108106e-01 2.298732e-01 2.334206e-01 2.814127e-01 3.020297e-01 3.705334e-01 4.173664e-01 6.268443e-01 8.301200e-01 
177 1771 4.453010e-05 8.178892e-01 1.701118e-01 1.701118e-01 2.090260e-01 2.268332e-01 2.323852e-01 2.777908e-01 3.056482e-01 3.758617e-01 4.136600e-01 6.225196e-01 8.178892e-01 
178 1781 4.385227e-05 8.064593e-01 1.676135e-01 1.676135e-01 2.083203e-01 2.228347e-01 2.317001e-01 2.774318e-01 3.025341e-01 3.853829e-01 4.083837e-01 6.190383e-01 8.064593e-01 
179 1791 4.333633e-05 7.974132e-01 1.677493e-01 1.677493e-01 2.101631e-01 2.249658e-01 2.286605e-01 2.738220e-01 3.042620e-01 3.864093e-01 4.052036e-01 6.162772e-01 7.974132e-01 
180 1801 4.118115e-05 7.853801e-01 1.675008e-01 1.675008e-01 2.087565e-01 2.244857e-01 2.265002e-01 2.725518e-01 2.994082e-01 3.822823e-01 4.022144e-01 6.238394e-01 7.853801e-01 
181 1811 3.577954e-05 7.725683e-01 1.667214e-01 1.667214e-01 2.055234e-01 2.212471e-01 2.256894e-01 2.692769e-01 2.951933e-01 3.794071e-01 3.990465e-01 6.193295e-01 7.725683e-01 
182 1821 3.235656e-05 7.635616e-01 1.650303e-01 1.650303e-01 2.028787e-01 2.199748e-01 2.261707e-01 2.665542e-01 2.920311e-01 3.778432e-01 3.936238e-01 6.224461e-01 7.635616e-01 
183 1831 2.967174e-05 7.533024e-01 1.630094e-01 1.630094e-01 2.001799e-01 2.184512e-01 2.245797e-01 2.656627e-01 2.923676e-01 3.723915e-01 3.885107e-01 6.261614e-01 7.533024e-01 
184 1841 2.643819e-05 7.424615e-01 1.618056e-01 1.618056e-01 1.996855e-01 2.155312e-01 2.226581e-01 2.637114e-01 2.895987e-01 3.688897e-01 3.865302e-01 6.192837e-01 7.424615e-01 
185 1851 2.431385e-05 7.319333e-01 1.606122e-01 1.606122e-01 1.980054e-01 2.134352e-01 2.229352e-01 2.594553e-01 2.859287e-01 3.662375e-01 3.805235e-01 6.122523e-01 7.319333e-01 
186 1861 2.265746e-05 7.241173e-01 1.582615e-01 1.582615e-01 1.949492e-01 2.112154e-01 2.229708e-01 2.555613e-01 2.858492e-01 3.625055e-01 3.814926e-01 6.221337e-01 7.241173e-01 
187 1871 2.124003e-05 7.126000e-01 1.555442e-01 1.555442e-01 1.915779e-01 2.090916e-01 2.226433e-01 2.535783e-01 2.836264e-01 3.594137e-01 3.803068e-01 6.174422e-01 7.126000e-01 
188 1881 1.978599e-05 7.038428e-01 1.552983e-01 1.552983e-01 1.894686e-01 2.075555e-01 2.201162e-01 2.548401e-01 2.835004e-01 3.574586e-01 3.766348e-01 6.094444e-01 7.038428e-01 
189 1891 1.959750e-05 7.182714e-01 1.563484e-01 1.563484e-01 1.878206e-01 2.041565e-01 2.186485e-01 2.521044e-01 2.834455e-01 3.544384e-01 3.723825e-01 6.043886e-01 7.182714e-01 
190 1901 1.861239e-05 7.122355e-01 1.558258e-01 1.558258e-01 1.875883e-01 2.010683e-01 2.156933e-01 2.508700e-01 2.842559e-01 3.509139e-01 3.683019e-01 5.984289e-01 7.122355e-01 
191 1911 1.917591e-05 7.116567e-01 1.584749e-01 1.584749e-01 1.886215e-01 2.013459e-01 2.134044e-01 2.471494e-01 2.897527e-01 3.469793e-01 3.644148e-01 5.926369e-01 7.116567e-01 
192 1921 2.045547e-05 7.032672e-01 1.606161e-01 1.606161e-01 1.863662e-01 2.013709e-01 2.111328e-01 2.465675e-01 2.900812e-01 3.475074e-01 3.695675e-01 5.902897e-01 7.032672e-01 
193 1931 2.033987e-05 7.003616e-01 1.614560e-01 1.614560e-01 1.832478e-01 2.043261e-01 2.089916e-01 2.454328e-01 2.934250e-01 3.445338e-01 3.679532e-01 5.809133e-01 7.003616e-01 
194 1941 1.959948e-05 6.907446e-01 1.608922e-01 1.608922e-01 1.808875e-01 2.038733e-01 2.062158e-01 2.464799e-01 2.897687e-01 3.392856e-01 3.640829e-01 5.745117e-01 6.907446e-01 
195 1951 1.826092e-05 6.902016e-01 1.594249e-01 1.594249e-01 1.779098e-01 2.027048e-01 2.045236e-01 2.435362e-01 2.857677e-01 3.341663e-01 3.608321e-01 5.665890e-01 6.902016e-01 
196 1961 1.807162e-05 6.915888e-01 1.574072e-01 1.574072e-01 1.791054e-01 2.007629e-01 2.045888e-01 2.410811e-01 2.823980e-01 3.318145e-01 3.617799e-01 5.610180e-01 6.915888e-01 
197 1971 1.768851e-05 6.833275e-01 1.548129e-01 1.548129e-01 1.762391e-01 1.987632e-01 2.034882e-01 2.373743e-01 2.784943e-01 3.270391e-01 3.734594e-01 5.716815e-01 6.833275e-01 
198 1981 1.638825e-05 6.733537e-01 1.549652e-01 1.549652e-01 1.733887e-01 1.968803e-01 2.024890e-01 2.360376e-01 2.748973e-01 3.235900e-01 3.776517e-01 5.635494e-01 6.733537e-01 
199 1991 1.588045e-05 6.684386e-01 1.570826e-01 1.570826e-01 1.709555e-01 1.943748e-01 2.010702e-01 2.335072e-01 2.765286e-01 3.218194e-01 3.754566e-01 5.572295e-01 6.684386e-01 
200 2001 1.462094e-05 6.646994e-01 1.558732e-01 1.558732e-01 1.711944e-01 1.934084e-01 1.979945e-01 2.323997e-01 2.740847e-01 3.168643e-01 3.745692e-01 5.603507e-01 6.646994e-01 
201 2011 1.436757e-05 6.564984e-01 1.541561e-01 1.541561e-01 1.694292e-01 1.905600e-01 1.997241e-01 2.349382e-01 2.721382e-01 3.208246e-01 3.816006e-01 5.533360e-01 6.564984e-01 
202 2021 1.395191e-05 6.498303e-01 1.532249e-01 1.532249e-01 1.670579e-01 1.907319e-01 1.986245e-01 2.347686e-01 2.699658e-01 3.207973e-01 3.810706e-01 5.474735e-01 6.498303e-01 
203 2031 1.319020e-05 6.413132e-01 1.555503e-01 1.555503e-01 1.651784e-01 1.909391e-01 1.970747e-01 2.357467e-01 2.675372e-01 3.188276e-01 3.775289e-01 5.422135e-01 6.413132e-01 
204 2041 1.193780e-05 6.333361e-01 1.552961e-01 1.552961e-01 1.642806e-01 1.889780e-01 1.943066e-01 2.334409e-01 2.654504e-01 3.148350e-01 3.721898e-01 5.349244e-01 6.333361e-01 
205 2051 1.184222e-05 6.381390e-01 1.560790e-01 1.560790e-01 1.631067e-01 1.866802e-01 1.990580e-01 2.307376e-01 2.621831e-01 3.106328e-01 3.689496e-01 5.300741e-01 6.381390e-01 
206 2061 1.228996e-05 6.329478e-01 1.584135e-01 1.584135e-01 1.672946e-01 1.862992e-01 2.000918e-01 2.280508e-01 2.585301e-01 3.083301e-01 3.637677e-01 5.257452e-01 6.329478e-01 
207 2071 1.123712e-05 6.265760e-01 1.565249e-01 1.565249e-01 1.660471e-01 1.847260e-01 1.985256e-01 2.255044e-01 2.584261e-01 3.088705e-01 3.581710e-01 5.181517e-01 6.265760e-01 
208 2081 1.058415e-05 6.167909e-01 1.548148e-01 1.548148e-01 1.694983e-01 1.830336e-01 1.990542e-01 2.217334e-01 2.558945e-01 3.048145e-01 3.535569e-01 5.138243e-01 6.167909e-01 
209 2091 9.873598e-06 6.159397e-01 1.540280e-01 1.540280e-01 1.679681e-01 1.815516e-01 1.983776e-01 2.190850e-01 2.538751e-01 2.999927e-01 3.512524e-01 5.145421e-01 6.159397e-01 
210 2101 9.239138e-06 6.082205e-01 1.522662e-01 1.522662e-01 1.661875e-01 1.795878e-01 1.970691e-01 2.205644e-01 2.507964e-01 3.015679e-01 3.538320e-01 5.084183e-01 6.082205e-01 
211 2111 9.746808e-06 6.001508e-01 1.615288e-01 1.615288e-01 1.655477e-01 1.819454e-01 1.977488e-01 2.193666e-01 2.492078e-01 2.985305e-01 3.519400e-01 5.020246e-01 6.001508e-01 
212 2121 9.954006e-06 6.019191e-01 1.617519e-01 1.617519e-01 1.643055e-01 1.806335e-01 1.959547e-01 2.187769e-01 2.477084e-01 2.949249e-01 3.522041e-01 4.940923e-01 6.019191e-01 
213 2131 9.623479e-06 5.946453e-01 1.609260e-01 1.609260e-01 1.643959e-01 1.781894e-01 1.934899e-01 2.187206e-01 2.455738e-01 2.905940e-01 3.486623e-01 4.876403e-01 5.946453e-01 
214 2141 8.752383e-06 5.861474e-01 1.584207e-01 1.584207e-01 1.622097e-01 1.760022e-01 1.909299e-01 2.171576e-01 2.423977e-01 2.888882e-01 3.437520e-01 4.894657e-01 5.861474e-01 
215 2151 8.208667e-06 5.815275e-01 1.576897e-01 1.576897e-01 1.603899e-01 1.731568e-01 1.909271e-01 2.178610e-01 2.391072e-01 2.881999e-01 3.393618e-01 4.832695e-01 5.815275e-01 
216 2161 8.465006e-06 5.920927e-01 1.558793e-01 1.558793e-01 1.636269e-01 1.736629e-01 1.928174e-01 2.162231e-01 2.402338e-01 2.855571e-01 3.378648e-01 4.819155e-01 5.920927e-01 
217 2171 8.745574e-06 5.858763e-01 1.550374e-01 1.550374e-01 1.653756e-01 1.778858e-01 1.934197e-01 2.131968e-01 2.391649e-01 2.834755e-01 3.355205e-01 4.746285e-01 5.858763e-01 
218 2181 8.319649e-06 5.814677e-01 1.552336e-01 1.552336e-01 1.635296e-01 1.765542e-01 1.974744e-01 2.105353e-01 2.362597e-01 2.789329e-01 3.304419e-01 4.669456e-01 5.814677e-01 
219 2191 8.583644e-06 5.808402e-01 1.538765e-01 1.538765e-01 1.616717e-01 1.791302e-01 1.993552e-01 2.130485e-01 2.363250e-01 2.749902e-01 3.290490e-01 4.632772e-01 5.808402e-01 
220 2201 8.375037e-06 5.740777e-01 1.518110e-01 1.518110e-01 1.599866e-01 1.774576e-01 2.011201e-01 2.119174e-01 2.362771e-01 2.712204e-01 3.240380e-01 4.598871e-01 5.740777e-01 
221 2211 8.312284e-06 5.651413e-01 1.501328e-01 1.501328e-01 1.590357e-01 1.749160e-01 2.047668e-01 2.113311e-01 2.351826e-01 2.682246e-01 3.190628e-01 4.526472e-01 5.651413e-01 
222 2221 8.336109e-06 5.575182e-01 1.485569e-01 1.485569e-01 1.570087e-01 1.741970e-01 2.035803e-01 2.161039e-01 2.364446e-01 2.681032e-01 3.147554e-01 4.522952e-01 5.575182e-01 
223 2231 8.371183e-06 5.519104e-01 1.467544e-01 1.467544e-01 1.546939e-01 1.718768e-01 2.031228e-01 2.218440e-01 2.346602e-01 2.658514e-01 3.160494e-01 4.480125e-01 5.519104e-01 
224 2241 7.890268e-06 5.445109e-01 1.455204e-01 1.455204e-01 1.545865e-01 1.707772e-01 2.027826e-01 2.199439e-01 2.328058e-01 2.651003e-01 3.195823e-01 4.438548e-01 5.445109e-01 
225 2251 7.199035e-06 5.361342e-01 1.451778e-01 1.451778e-01 1.541756e-01 1.700000e-01 2.005955e-01 2.169107e-01 2.295033e-01 2.624444e-01 3.180816e-01 4.426563e-01 5.361342e-01 
226 2261 6.965037e-06 5.308957e-01 1.463697e-01 1.463697e-01 1.527825e-01 1.680085e-01 1.986171e-01 2.185457e-01 2.272742e-01 2.632134e-01 3.266571e-01 4.410314e-01 5.308957e-01 
227 2271 7.045963e-06 5.282992e-01 1.445128e-01 1.445128e-01 1.519741e-01 1.674078e-01 1.953919e-01 2.157474e-01 2.306669e-01 2.700926e-01 3.257150e-01 4.371332e-01 5.282992e-01 
228 2281 7.229281e-06 5.242130e-01 1.441355e-01 1.441355e-01 1.499820e-01 1.656951e-01 1.958553e-01 2.137734e-01 2.321793e-01 2.722680e-01 3.221780e-01 4.428656e-01 5.242130e-01 
229 2291 6.658107e-06 5.182553e-01 1.428127e-01 1.428127e-01 1.494130e-01 1.634705e-01 1.968610e-01 2.134901e-01 2.318820e-01 2.697625e-01 3.173713e-01 4.451249e-01 5.182553e-01 
230 2301 6.137999e-06 5.108606e-01 1.417595e-01 1.417595e-01 1.473527e-01 1.611131e-01 1.948969e-01 2.126360e-01 2.345231e-01 2.713821e-01 3.157385e-01 4.419431e-01 5.108606e-01 
231 2311 6.108482e-06 5.058232e-01 1.400260e-01 1.400260e-01 1.475948e-01 1.628020e-01 1.923766e-01 2.111336e-01 2.389586e-01 2.722610e-01 3.114770e-01 4.360082e-01 5.058232e-01 
232 2321 5.930628e-06 5.075120e-01 1.377970e-01 1.377970e-01 1.456161e-01 1.631112e-01 1.911320e-01 2.082378e-01 2.367949e-01 2.711631e-01 3.103715e-01 4.340329e-01 5.075120e-01 
233 2331 5.528634e-06 5.019668e-01 1.363494e-01 1.363494e-01 1.451113e-01 1.646515e-01 1.908933e-01 2.059154e-01 2.346675e-01 2.707618e-01 3.073960e-01 4.332970e-01 5.019668e-01 
234 2341 5.097220e-06 4.955807e-01 1.349346e-01 1.349346e-01 1.433712e-01 1.624017e-01 1.903127e-01 2.029038e-01 2.367839e-01 2.694966e-01 3.030974e-01 4.281196e-01 4.955807e-01 
235 2351 4.366455e-06 4.886763e-01 1.330900e-01 1.330900e-01 1.415916e-01 1.610043e-01 1.870749e-01 2.007943e-01 2.338985e-01 2.665067e-01 3.018023e-01 4.269922e-01 4.886763e-01 
236 2361 3.941161e-06 4.806978e-01 1.314017e-01 1.314017e-01 1.399491e-01 1.590313e-01 1.850489e-01 2.005748e-01 2.327360e-01 2.631631e-01 3.023067e-01 4.220936e-01 4.806978e-01 
237 2371 3.785672e-06 4.864998e-01 1.300337e-01 1.300337e-01 1.376588e-01 1.565404e-01 1.852136e-01 1.988688e-01 2.333409e-01 2.617615e-01 2.982980e-01 4.195885e-01 4.864998e-01 
238 2381 3.626705e-06 4.826311e-01 1.291017e-01 1.291017e-01 1.424974e-01 1.573921e-01 1.846139e-01 1.981755e-01 2.315381e-01 2.602105e-01 2.951091e-01 4.195232e-01 4.826311e-01 
239 2391 3.509630e-06 4.774371e-01 1.290422e-01 1.290422e-01 1.454628e-01 1.553559e-01 1.816273e-01 1.964022e-01 2.278941e-01 2.566654e-01 2.907350e-01 4.299563e-01 4.774371e-01 
240 2401 3.436046e-06 4.722047e-01 1.270962e-01 1.270962e-01 1.473828e-01 1.578788e-01 1.794439e-01 1.942977e-01 2.250658e-01 2.524809e-01 2.878980e-01 4.287012e-01 4.722047e-01 
241 2411 3.359506e-06 4.657730e-01 1.260547e-01 1.260547e-01 1.469538e-01 1.601835e-01 1.780743e-01 1.927922e-01 2.222559e-01 2.493247e-01 2.845701e-01 4.227763e-01 4.657730e-01 
242 2421 3.155803e-06 4.661223e-01 1.239476e-01 1.239476e-01 1.466230e-01 1.596643e-01 1.751103e-01 1.954371e-01 2.255208e-01 2.494036e-01 2.804947e-01 4.184087e-01 4.661223e-01 
243 2431 3.018953e-06 4.676418e-01 1.242413e-01 1.242413e-01 1.447665e-01 1.571051e-01 1.730246e-01 1.932766e-01 2.253761e-01 2.502398e-01 2.791661e-01 4.137644e-01 4.676418e-01 
244 2441 2.959876e-06 4.620761e-01 1.226062e-01 1.226062e-01 1.432325e-01 1.565716e-01 1.705717e-01 1.958806e-01 2.300164e-01 2.587608e-01 2.801431e-01 4.081939e-01 4.620761e-01 
245 2451 2.837334e-06 4.545513e-01 1.216104e-01 1.216104e-01 1.422957e-01 1.544951e-01 1.689454e-01 1.959207e-01 2.294838e-01 2.578736e-01 2.790263e-01 4.036765e-01 4.545513e-01 
246 2461 2.677350e-06 4.476506e-01 1.215971e-01 1.215971e-01 1.402248e-01 1.532122e-01 1.689044e-01 1.935691e-01 2.299822e-01 2.552663e-01 2.758501e-01 3.998989e-01 4.476506e-01 
247 2471 2.552534e-06 4.416354e-01 1.201379e-01 1.201379e-01 1.409360e-01 1.521695e-01 1.672818e-01 1.935300e-01 2.279973e-01 2.514659e-01 2.781826e-01 3.949370e-01 4.416354e-01 
248 2481 2.243997e-06 4.411190e-01 1.195099e-01 1.195099e-01 1.395609e-01 1.504509e-01 1.648687e-01 1.910428e-01 2.254283e-01 2.479866e-01 2.750330e-01 3.897494e-01 4.411190e-01 
249 2491 2.152311e-06 4.409220e-01 1.203410e-01 1.203410e-01 1.411834e-01 1.507573e-01 1.623199e-01 1.902901e-01 2.229214e-01 2.446256e-01 2.732052e-01 3.842051e-01 4.409220e-01 
250 2501 2.106117e-06 4.337350e-01 1.226642e-01 1.226642e-01 1.390938e-01 1.490310e-01 1.611351e-01 1.892016e-01 2.213357e-01 2.424497e-01 2.755844e-01 3.775212e-01 4.337350e-01 
251 2511 2.085302e-06 4.281377e-01 1.217361e-01 1.217361e-01 1.370099e-01 1.483268e-01 1.583923e-01 1.985991e-01 2.184982e-01 2.407804e-01 2.734114e-01 3.792117e-01 4.281377e-01 
252 2521 2.110697e-06 4.242199e-01 1.199569e-01 1.199569e-01 1.358704e-01 1.471669e-01 1.572307e-01 1.972032e-01 2.153369e-01 2.456349e-01 2.723519e-01 3.802299e-01 4.242199e-01 
253 2531 2.023784e-06 4.204479e-01 1.193282e-01 1.193282e-01 1.344614e-01 1.460655e-01 1.554029e-01 1.974626e-01 2.178238e-01 2.440175e-01 2.762133e-01 3.775876e-01 4.204479e-01 
254 2541 2.016252e-06 4.171577e-01 1.184161e-01 1.184161e-01 1.340924e-01 1.443325e-01 1.530846e-01 1.956332e-01 2.191163e-01 2.419682e-01 2.767773e-01 3.781814e-01 4.171577e-01 
255 2551 2.019975e-06 4.152796e-01 1.180715e-01 1.180715e-01 1.344439e-01 1.425216e-01 1.520869e-01 1.936208e-01 2.170478e-01 2.383018e-01 2.830128e-01 3.729033e-01 4.152796e-01 
256 2561 1.813467e-06 4.105283e-01 1.166074e-01 1.166074e-01 1.342103e-01 1.404125e-01 1.504386e-01 1.918894e-01 2.134471e-01 2.351913e-01 2.844109e-01 3.712096e-01 4.105283e-01 
257 2571 1.742038e-06 4.088537e-01 1.152143e-01 1.152143e-01 1.342141e-01 1.389825e-01 1.489867e-01 1.929087e-01 2.117679e-01 2.370511e-01 2.848644e-01 3.669252e-01 4.088537e-01 
258 2581 1.709154e-06 4.136521e-01 1.135055e-01 1.135055e-01 1.332727e-01 1.377076e-01 1.541088e-01 1.930901e-01 2.084874e-01 2.340969e-01 2.811859e-01 3.623121e-01 4.136521e-01 
259 2591 1.758995e-06 4.153655e-01 1.124039e-01 1.124039e-01 1.350695e-01 1.362275e-01 1.578812e-01 1.931413e-01 2.057491e-01 2.326653e-01 2.773308e-01 3.569027e-01 4.153655e-01 
260 2601 1.814217e-06 4.127867e-01 1.108135e-01 1.108135e-01 1.342904e-01 1.350898e-01 1.603478e-01 1.931261e-01 2.098055e-01 2.306557e-01 2.739474e-01 3.529535e-01 4.127867e-01 
261 2611 1.645793e-06 4.085426e-01 1.103189e-01 1.103189e-01 1.325259e-01 1.330323e-01 1.598790e-01 1.923966e-01 2.074331e-01 2.300923e-01 2.701772e-01 3.468965e-01 4.085426e-01 
262 2621 1.574835e-06 4.016428e-01 1.097770e-01 1.097770e-01 1.309823e-01 1.323662e-01 1.582431e-01 1.959958e-01 2.069834e-01 2.277909e-01 2.675262e-01 3.462538e-01 4.016428e-01 
263 2631 1.623204e-06 4.004206e-01 1.134037e-01 1.134037e-01 1.299411e-01 1.307082e-01 1.570315e-01 1.944153e-01 2.086763e-01 2.269293e-01 2.665469e-01 3.429001e-01 4.004206e-01 
264 2641 1.593182e-06 3.978806e-01 1.143066e-01 1.143066e-01 1.278389e-01 1.295933e-01 1.559492e-01 1.920565e-01 2.086045e-01 2.258396e-01 2.637423e-01 3.387996e-01 3.978806e-01 
265 2651 1.615002e-06 3.948723e-01 1.157120e-01 1.157120e-01 1.268412e-01 1.279750e-01 1.537590e-01 1.942659e-01 2.072971e-01 2.237641e-01 2.618428e-01 3.346940e-01 3.948723e-01 
266 2661 1.690393e-06 3.920868e-01 1.182008e-01 1.182008e-01 1.273413e-01 1.280081e-01 1.533123e-01 1.975948e-01 2.051413e-01 2.250032e-01 2.586627e-01 3.410587e-01 3.920868e-01 
267 2671 1.660636e-06 3.864161e-01 1.194842e-01 1.194842e-01 1.257422e-01 1.272090e-01 1.527340e-01 1.992829e-01 2.018403e-01 2.222676e-01 2.545352e-01 3.394937e-01 3.864161e-01 
268 2681 1.632646e-06 3.797391e-01 1.196733e-01 1.196733e-01 1.247612e-01 1.282222e-01 1.515744e-01 1.969185e-01 2.017247e-01 2.220457e-01 2.526576e-01 3.346900e-01 3.797391e-01 
269 2691 1.495310e-06 3.771583e-01 1.183177e-01 1.183177e-01 1.232741e-01 1.278970e-01 1.504248e-01 1.939181e-01 2.010151e-01 2.203491e-01 2.491424e-01 3.293300e-01 3.771583e-01 
270 2701 1.576110e-06 3.736536e-01 1.176822e-01 1.176822e-01 1.222976e-01 1.264145e-01 1.501328e-01 1.917143e-01 2.081612e-01 2.292813e-01 2.455621e-01 3.291900e-01 3.736536e-01 
271 2711 1.731409e-06 3.721057e-01 1.164971e-01 1.164971e-01 1.215446e-01 1.249223e-01 1.556550e-01 1.943983e-01 2.050137e-01 2.315623e-01 2.485616e-01 3.284001e-01 3.721057e-01 
272 2721 1.879659e-06 3.739206e-01 1.164542e-01 1.164542e-01 1.199802e-01 1.234904e-01 1.547576e-01 1.924563e-01 2.030954e-01 2.298046e-01 2.636231e-01 3.258665e-01 3.739206e-01 
273 2731 1.916535e-06 3.676285e-01 1.146698e-01 1.146698e-01 1.182736e-01 1.215861e-01 1.529644e-01 1.896688e-01 2.023181e-01 2.267521e-01 2.720680e-01 3.241625e-01 3.676285e-01 
274 2741 1.933683e-06 3.617313e-01 1.151237e-01 1.151237e-01 1.180213e-01 1.200129e-01 1.504040e-01 1.878774e-01 2.005968e-01 2.256463e-01 2.818852e-01 3.196071e-01 3.617313e-01 
275 2751 1.937328e-06 3.557525e-01 1.135226e-01 1.135226e-01 1.169889e-01 1.193589e-01 1.487897e-01 1.874899e-01 2.000411e-01 2.254782e-01 2.857728e-01 3.155591e-01 3.557525e-01 
276 2761 1.927531e-06 3.590815e-01 1.118763e-01 1.118763e-01 1.151857e-01 1.182910e-01 1.468057e-01 1.851844e-01 1.980410e-01 2.220734e-01 2.837511e-01 3.213464e-01 3.590815e-01 
277 2771 1.866973e-06 3.546630e-01 1.103238e-01 1.103238e-01 1.152235e-01 1.169858e-01 1.454546e-01 1.854106e-01 1.976204e-01 2.187634e-01 2.832744e-01 3.280356e-01 3.546630e-01 
278 2781 1.908999e-06 3.577314e-01 1.098976e-01 1.098976e-01 1.143053e-01 1.154787e-01 1.497913e-01 1.847937e-01 1.968857e-01 2.180191e-01 2.918874e-01 3.242333e-01 3.577314e-01 
279 2791 1.754876e-06 3.536210e-01 1.082292e-01 1.082292e-01 1.129928e-01 1.149093e-01 1.498428e-01 1.837928e-01 1.963736e-01 2.165285e-01 2.901216e-01 3.207972e-01 3.536210e-01 
280 2801 1.835716e-06 3.521290e-01 1.068341e-01 1.068341e-01 1.120289e-01 1.141232e-01 1.494078e-01 1.815725e-01 2.015859e-01 2.207947e-01 2.892306e-01 3.166823e-01 3.521290e-01 
281 2811 1.842386e-06 3.556826e-01 1.055621e-01 1.055621e-01 1.105453e-01 1.154923e-01 1.470606e-01 1.795012e-01 1.992704e-01 2.205199e-01 2.872568e-01 3.113890e-01 3.556826e-01 
282 2821 1.771752e-06 3.540893e-01 1.055978e-01 1.055978e-01 1.090497e-01 1.140527e-01 1.460665e-01 1.779796e-01 1.966189e-01 2.201040e-01 2.894226e-01 3.064018e-01 3.540893e-01 
283 2831 1.655878e-06 3.494449e-01 1.064736e-01 1.064736e-01 1.084655e-01 1.126182e-01 1.445347e-01 1.772535e-01 1.957910e-01 2.167916e-01 2.894764e-01 3.095885e-01 3.494449e-01 
284 2841 1.693608e-06 3.527934e-01 1.052722e-01 1.052722e-01 1.075721e-01 1.109609e-01 1.435069e-01 1.760779e-01 1.944757e-01 2.301668e-01 2.875212e-01 3.057318e-01 3.527934e-01 
285 2851 1.657042e-06 3.504621e-01 1.039906e-01 1.039906e-01 1.068618e-01 1.096029e-01 1.420039e-01 1.734097e-01 1.927220e-01 2.307910e-01 2.911467e-01 3.034258e-01 3.504621e-01 
286 2861 1.618184e-06 3.461719e-01 1.036908e-01 1.036908e-01 1.058749e-01 1.108740e-01 1.403263e-01 1.719681e-01 1.900686e-01 2.294481e-01 2.926147e-01 3.024094e-01 3.461719e-01 
287 2871 1.660592e-06 3.469699e-01 1.023873e-01 1.023873e-01 1.093532e-01 1.119652e-01 1.405386e-01 1.702545e-01 1.876902e-01 2.262590e-01 2.899918e-01 3.010908e-01 3.469699e-01 
288 2881 1.541297e-06 3.473948e-01 1.027060e-01 1.027060e-01 1.075788e-01 1.113406e-01 1.392321e-01 1.678727e-01 1.852704e-01 2.229580e-01 2.854000e-01 3.004258e-01 3.473948e-01 
289 2891 1.326261e-06 3.447205e-01 1.016410e-01 1.016410e-01 1.065412e-01 1.113397e-01 1.387573e-01 1.671090e-01 1.840901e-01 2.192647e-01 2.824647e-01 2.957675e-01 3.447205e-01 
290 2901 1.162100e-06 3.430712e-01 1.014027e-01 1.014027e-01 1.050100e-01 1.101478e-01 1.367884e-01 1.658856e-01 1.817200e-01 2.164699e-01 2.788893e-01 2.908817e-01 3.430712e-01 
291 2911 1.127961e-06 3.412842e-01 1.011133e-01 1.011133e-01 1.039560e-01 1.092948e-01 1.415732e-01 1.679298e-01 1.786893e-01 2.129550e-01 2.746221e-01 2.878541e-01 3.412842e-01 
292 2921 1.047883e-06 3.412244e-01 9.974607e-02 9.974607e-02 1.038337e-01 1.076321e-01 1.406948e-01 1.668677e-01 1.779318e-01 2.101282e-01 2.700643e-01 2.857159e-01 3.412244e-01 
293 2931 1.011040e-06 3.424099e-01 9.833080e-02 9.833080e-02 1.029086e-01 1.071590e-01 1.397935e-01 1.658449e-01 1.771893e-01 2.079156e-01 2.656158e-01 2.954365e-01 3.424099e-01 
294 2941 1.009217e-06 3.413639e-01 9.811741e-02 9.811741e-02 1.016422e-01 1.096135e-01 1.400198e-01 1.649893e-01 1.758378e-01 2.074086e-01 2.637276e-01 3.030535e-01 3.413639e-01 
295 2951 9.901414e-07 3.376302e-01 9.689300e-02 9.689300e-02 1.002769e-01 1.099855e-01 1.379396e-01 1.631028e-01 1.756117e-01 2.042444e-01 2.625634e-01 3.060828e-01 3.376302e-01 
296 2961 9.247721e-07 3.353069e-01 9.544809e-02 9.544809e-02 9.884609e-02 1.092829e-01 1.376947e-01 1.615693e-01 1.742560e-01 2.012259e-01 2.611378e-01 3.038357e-01 3.353069e-01 
297 2971 8.864969e-07 3.306843e-01 9.429547e-02 9.429547e-02 9.716086e-02 1.080279e-01 1.365572e-01 1.594415e-01 1.718775e-01 1.994199e-01 2.684311e-01 3.019366e-01 3.306843e-01 
298 2981 8.518828e-07 3.250951e-01 9.286725e-02 9.286725e-02 9.564978e-02 1.073854e-01 1.353112e-01 1.575704e-01 1.704131e-01 2.048733e-01 2.695847e-01 2.983573e-01 3.250951e-01 
299 2991 8.400597e-07 3.312889e-01 9.260166e-02 9.260166e-02 9.555777e-02 1.073290e-01 1.330813e-01 1.588289e-01 1.703711e-01 2.068532e-01 2.668614e-01 2.977567e-01 3.312889e-01 
300 3001 7.717651e-07 3.304331e-01 9.138097e-02 9.138097e-02 9.462721e-02 1.059816e-01 1.318633e-01 1.589780e-01 1.712298e-01 2.055849e-01 2.624785e-01 2.951915e-01 3.304331e-01 
301 3011 7.189968e-07 3.301710e-01 9.031178e-02 9.031178e-02 9.328938e-02 1.055544e-01 1.321328e-01 1.576636e-01 1.695937e-01 2.035946e-01 2.586444e-01 2.907580e-01 3.301710e-01 
302 3021 6.744355e-07 3.327164e-01 8.922247e-02 8.922247e-02 9.270806e-02 1.045709e-01 1.310742e-01 1.560492e-01 1.719467e-01 2.007839e-01 2.559457e-01 2.865975e-01 3.327164e-01 
303 3031 6.263568e-07 3.323931e-01 8.832625e-02 8.832625e-02 9.162051e-02 1.046572e-01 1.290040e-01 1.549409e-01 1.701088e-01 1.990888e-01 2.516910e-01 2.832486e-01 3.323931e-01 
304 3041 6.170825e-07 3.333291e-01 8.804809e-02 8.804809e-02 9.125037e-02 1.061151e-01 1.270880e-01 1.540399e-01 1.724349e-01 2.018060e-01 2.476180e-01 2.814460e-01 3.333291e-01 
305 3051 6.017203e-07 3.292133e-01 8.687257e-02 8.687257e-02 9.018198e-02 1.048081e-01 1.280406e-01 1.523817e-01 1.714518e-01 2.032447e-01 2.441236e-01 2.787064e-01 3.292133e-01 
306 3061 5.924393e-07 3.271660e-01 8.556561e-02 8.556561e-02 8.901158e-02 1.033785e-01 1.260883e-01 1.524090e-01 1.690714e-01 2.026554e-01 2.461916e-01 2.765811e-01 3.271660e-01 
307 3071 5.879073e-07 3.249295e-01 8.419572e-02 8.419572e-02 8.818533e-02 1.017148e-01 1.242109e-01 1.550227e-01 1.677860e-01 2.056598e-01 2.454345e-01 2.738271e-01 3.249295e-01 
308 3081 5.437235e-07 3.202367e-01 8.422279e-02 8.422279e-02 8.674392e-02 1.005260e-01 1.228691e-01 1.544070e-01 1.658715e-01 2.034629e-01 2.416383e-01 2.699392e-01 3.202367e-01 
309 3091 5.086208e-07 3.147013e-01 8.380519e-02 8.380519e-02 8.596425e-02 9.899492e-02 1.236518e-01 1.524310e-01 1.650123e-01 2.010094e-01 2.376742e-01 2.681911e-01 3.147013e-01 
310 3101 4.809034e-07 3.109125e-01 8.423200e-02 8.423200e-02 8.624984e-02 9.738230e-02 1.224495e-01 1.500404e-01 1.632459e-01 1.998872e-01 2.354960e-01 2.668074e-01 3.109125e-01 
311 3111 4.279329e-07 3.063601e-01 8.307510e-02 8.307510e-02 8.576953e-02 9.574981e-02 1.207907e-01 1.480127e-01 1.606660e-01 1.997529e-01 2.321718e-01 2.647138e-01 3.063601e-01 
312 3121 3.911052e-07 3.076592e-01 8.218334e-02 8.218334e-02 8.432616e-02 9.452452e-02 1.195059e-01 1.461231e-01 1.595627e-01 1.977271e-01 2.304540e-01 2.639845e-01 3.076592e-01 
313 3131 3.623579e-07 3.059894e-01 8.184699e-02 8.184699e-02 8.428215e-02 9.301455e-02 1.186306e-01 1.461486e-01 1.573167e-01 1.945362e-01 2.312564e-01 2.610004e-01 3.059894e-01 
314 3141 3.685122e-07 3.140849e-01 8.273495e-02 8.273495e-02 8.324672e-02 9.260042e-02 1.174659e-01 1.457152e-01 1.559698e-01 1.986012e-01 2.321877e-01 2.588520e-01 3.140849e-01 
315 3151 3.550116e-07 3.132436e-01 8.141482e-02 8.141482e-02 8.197871e-02 9.133715e-02 1.160564e-01 1.440094e-01 1.538205e-01 1.985498e-01 2.315974e-01 2.562964e-01 3.132436e-01 
316 3161 3.315415e-07 3.138786e-01 8.003522e-02 8.003522e-02 8.084850e-02 9.067668e-02 1.149611e-01 1.436830e-01 1.517598e-01 1.974153e-01 2.298813e-01 2.542832e-01 3.138786e-01 
317 3171 3.045137e-07 3.126607e-01 7.921420e-02 7.921420e-02 8.049402e-02 8.992565e-02 1.131144e-01 1.425183e-01 1.514869e-01 1.945581e-01 2.274575e-01 2.514684e-01 3.126607e-01 
318 3181 2.862988e-07 3.122796e-01 7.862629e-02 7.862629e-02 8.047896e-02 8.905458e-02 1.141376e-01 1.412241e-01 1.504498e-01 1.921585e-01 2.239699e-01 2.486599e-01 3.122796e-01 
319 3191 2.878477e-07 3.084067e-01 7.757419e-02 7.757419e-02 7.993175e-02 9.048990e-02 1.160397e-01 1.400205e-01 1.490787e-01 1.895854e-01 2.241529e-01 2.468345e-01 3.084067e-01 
320 3201 3.004529e-07 3.073930e-01 7.638872e-02 7.638872e-02 8.045778e-02 9.391381e-02 1.166374e-01 1.401356e-01 1.485436e-01 1.907284e-01 2.218552e-01 2.435357e-01 3.073930e-01 
321 3211 2.806548e-07 3.028332e-01 7.527955e-02 7.527955e-02 7.959842e-02 9.525497e-02 1.186555e-01 1.410921e-01 1.485754e-01 1.886711e-01 2.202131e-01 2.394528e-01 3.028332e-01 
322 3221 2.625511e-07 3.012525e-01 7.561984e-02 7.561984e-02 8.145084e-02 9.427508e-02 1.173900e-01 1.388636e-01 1.462357e-01 1.856404e-01 2.197168e-01 2.398726e-01 3.012525e-01 
323 3231 2.532072e-07 2.976672e-01 7.471368e-02 7.471368e-02 8.173104e-02 9.498376e-02 1.184466e-01 1.369638e-01 1.443982e-01 1.844146e-01 2.188721e-01 2.407208e-01 2.976672e-01 
324 3241 2.359681e-07 2.944152e-01 7.469654e-02 7.469654e-02 8.098093e-02 9.380051e-02 1.175287e-01 1.351620e-01 1.425775e-01 1.821478e-01 2.161915e-01 2.403928e-01 2.944152e-01 
325 3251 2.267441e-07 2.915835e-01 7.584067e-02 7.584067e-02 8.007729e-02 9.256441e-02 1.158786e-01 1.330387e-01 1.406319e-01 1.800172e-01 2.126347e-01 2.446014e-01 2.915835e-01 
326 3261 2.084379e-07 2.876424e-01 7.609421e-02 7.609421e-02 7.887203e-02 9.162670e-02 1.140492e-01 1.315415e-01 1.386175e-01 1.775988e-01 2.092881e-01 2.422667e-01 2.876424e-01 
327 3271 2.005774e-07 2.837203e-01 7.589389e-02 7.589389e-02 7.866773e-02 9.100018e-02 1.132284e-01 1.323858e-01 1.370962e-01 1.787376e-01 2.080715e-01 2.400069e-01 2.837203e-01 
328 3281 2.003723e-07 2.800670e-01 7.680577e-02 7.680577e-02 7.855323e-02 9.096017e-02 1.122292e-01 1.321427e-01 1.368891e-01 1.772415e-01 2.131173e-01 2.387907e-01 2.800670e-01 
329 3291 1.938471e-07 2.775624e-01 7.642887e-02 7.642887e-02 7.750773e-02 8.965190e-02 1.111795e-01 1.307693e-01 1.354919e-01 1.745519e-01 2.158732e-01 2.388632e-01 2.775624e-01 
330 3301 1.858140e-07 2.750796e-01 7.657834e-02 7.657834e-02 7.734851e-02 8.892241e-02 1.101177e-01 1.293526e-01 1.346701e-01 1.716327e-01 2.140253e-01 2.415349e-01 2.750796e-01 
331 3311 1.650524e-07 2.723255e-01 7.605111e-02 7.605111e-02 7.710260e-02 8.781064e-02 1.084159e-01 1.276125e-01 1.343651e-01 1.709775e-01 2.139487e-01 2.386353e-01 2.723255e-01 
332 3321 1.453021e-07 2.683146e-01 7.503763e-02 7.503763e-02 7.590046e-02 8.698656e-02 1.082961e-01 1.256534e-01 1.331024e-01 1.694241e-01 2.120342e-01 2.379895e-01 2.683146e-01 
333 3331 1.323101e-07 2.684983e-01 7.394283e-02 7.394283e-02 7.492342e-02 8.682626e-02 1.068057e-01 1.260835e-01 1.312314e-01 1.672405e-01 2.115773e-01 2.361036e-01 2.684983e-01 
334 3341 1.203550e-07 2.649618e-01 7.290566e-02 7.290566e-02 7.440387e-02 8.658627e-02 1.064720e-01 1.260723e-01 1.295002e-01 1.650105e-01 2.094971e-01 2.363489e-01 2.649618e-01 
335 3351 1.169312e-07 2.645494e-01 7.200300e-02 7.200300e-02 7.366897e-02 8.603425e-02 1.096388e-01 1.242427e-01 1.278065e-01 1.634330e-01 2.107070e-01 2.336737e-01 2.645494e-01 
336 3361 1.075649e-07 2.658008e-01 7.082902e-02 7.082902e-02 7.289917e-02 8.479278e-02 1.082286e-01 1.226362e-01 1.278417e-01 1.609145e-01 2.076889e-01 2.304061e-01 2.658008e-01 
337 3371 1.087616e-07 2.791338e-01 7.156881e-02 7.156881e-02 7.265884e-02 8.369973e-02 1.066451e-01 1.208446e-01 1.273529e-01 1.585735e-01 2.053692e-01 2.271883e-01 2.791338e-01 
338 3381 1.065421e-07 2.826381e-01 7.051111e-02 7.051111e-02 7.160846e-02 8.263657e-02 1.070967e-01 1.215045e-01 1.262591e-01 1.590681e-01 2.028091e-01 2.243748e-01 2.826381e-01 
339 3391 1.111233e-07 2.877654e-01 6.954840e-02 6.954840e-02 7.094855e-02 8.291408e-02 1.071173e-01 1.209131e-01 1.253477e-01 1.576426e-01 2.005231e-01 2.271579e-01 2.877654e-01 
340 3401 1.156683e-07 2.880782e-01 6.867735e-02 6.867735e-02 7.022984e-02 8.234448e-02 1.063501e-01 1.224169e-01 1.257487e-01 1.562645e-01 1.989444e-01 2.261636e-01 2.880782e-01 
341 3411 1.148872e-07 2.883565e-01 6.816581e-02 6.816581e-02 7.152052e-02 8.136300e-02 1.051691e-01 1.212409e-01 1.252669e-01 1.545260e-01 1.968861e-01 2.244621e-01 2.883565e-01 
342 3421 1.100468e-07 2.856922e-01 6.786591e-02 6.786591e-02 7.139203e-02 8.044850e-02 1.050374e-01 1.199579e-01 1.255105e-01 1.581498e-01 1.945803e-01 2.219886e-01 2.856922e-01 
343 3431 1.075091e-07 2.823453e-01 6.734545e-02 6.734545e-02 7.030516e-02 8.143886e-02 1.043045e-01 1.186680e-01 1.242091e-01 1.577075e-01 1.917540e-01 2.226394e-01 2.823453e-01 
344 3441 9.858037e-08 2.804244e-01 6.660829e-02 6.660829e-02 6.953025e-02 8.091734e-02 1.031002e-01 1.180707e-01 1.225480e-01 1.555677e-01 1.890892e-01 2.214297e-01 2.804244e-01 
345 3451 9.003190e-08 2.764460e-01 6.583353e-02 6.583353e-02 7.111911e-02 8.003032e-02 1.021938e-01 1.177410e-01 1.209621e-01 1.533507e-01 1.863668e-01 2.192505e-01 2.764460e-01 
346 3461 9.102218e-08 2.745308e-01 6.608026e-02 6.608026e-02 7.139306e-02 8.036300e-02 1.024172e-01 1.170060e-01 1.203974e-01 1.516714e-01 1.904364e-01 2.160322e-01 2.745308e-01 
347 3471 9.028707e-08 2.720508e-01 6.515994e-02 6.515994e-02 7.407208e-02 7.931912e-02 1.008929e-01 1.150290e-01 1.201351e-01 1.494910e-01 1.907670e-01 2.127183e-01 2.720508e-01 
348 3481 9.258009e-08 2.704629e-01 6.423109e-02 6.423109e-02 7.705211e-02 7.867361e-02 9.941124e-02 1.134650e-01 1.186734e-01 1.483520e-01 1.894621e-01 2.123057e-01 2.704629e-01 
349 3491 9.473280e-08 2.733267e-01 6.358528e-02 6.358528e-02 7.772783e-02 7.899242e-02 9.792133e-02 1.118689e-01 1.170726e-01 1.463291e-01 1.881025e-01 2.090812e-01 2.733267e-01 
350 3501 9.212442e-08 2.743469e-01 6.362719e-02 6.362719e-02 7.684741e-02 7.937007e-02 9.659112e-02 1.106476e-01 1.181537e-01 1.442233e-01 1.893914e-01 2.066424e-01 2.743469e-01 
351 3511 8.716488e-08 2.732487e-01 6.287533e-02 6.287533e-02 7.588098e-02 7.816129e-02 9.934154e-02 1.101229e-01 1.176544e-01 1.429886e-01 1.906365e-01 2.031344e-01 2.732487e-01 
352 3521 7.909322e-08 2.701778e-01 6.200764e-02 6.200764e-02 7.598696e-02 7.762141e-02 9.846169e-02 1.092918e-01 1.171606e-01 1.422866e-01 1.911579e-01 2.012448e-01 2.701778e-01 
353 3531 7.542067e-08 2.661552e-01 6.212238e-02 6.212238e-02 7.474150e-02 7.722482e-02 9.741494e-02 1.088608e-01 1.172746e-01 1.457127e-01 1.881611e-01 1.989036e-01 2.661552e-01 
354 3541 6.999855e-08 2.624612e-01 6.221423e-02 6.221423e-02 7.390230e-02 7.627873e-02 9.693422e-02 1.074266e-01 1.154865e-01 1.446550e-01 1.850478e-01 1.973712e-01 2.624612e-01 
355 3551 6.460911e-08 2.595285e-01 6.163660e-02 6.163660e-02 7.317312e-02 7.526129e-02 9.547967e-02 1.084527e-01 1.142982e-01 1.437245e-01 1.831209e-01 1.978296e-01 2.595285e-01 
356 3561 6.333669e-08 2.565128e-01 6.083181e-02 6.083181e-02 7.262981e-02 7.466803e-02 9.431724e-02 1.110899e-01 1.131012e-01 1.441702e-01 1.812429e-01 1.960675e-01 2.565128e-01 
357 3571 5.772844e-08 2.538897e-01 6.022458e-02 6.022458e-02 7.170164e-02 7.376804e-02 9.283819e-02 1.099491e-01 1.126888e-01 1.428084e-01 1.796785e-01 1.958117e-01 2.538897e-01 
358 3581 5.224782e-08 2.526371e-01 5.962871e-02 5.962871e-02 7.252685e-02 7.338435e-02 9.219102e-02 1.084708e-01 1.118171e-01 1.421007e-01 1.793631e-01 1.947915e-01 2.526371e-01 
359 3591 5.052789e-08 2.492214e-01 5.941431e-02 5.941431e-02 7.224263e-02 7.361256e-02 9.124750e-02 1.075632e-01 1.145660e-01 1.411997e-01 1.768621e-01 1.922384e-01 2.492214e-01 
360 3601 5.126198e-08 2.492777e-01 5.897919e-02 5.897919e-02 7.187815e-02 7.275776e-02 9.062793e-02 1.083808e-01 1.159006e-01 1.395845e-01 1.766380e-01 1.890084e-01 2.492777e-01 
361 3611 4.722494e-08 2.471166e-01 5.829884e-02 5.829884e-02 7.162470e-02 7.241825e-02 9.007306e-02 1.073877e-01 1.147863e-01 1.375547e-01 1.750340e-01 1.862877e-01 2.471166e-01 
362 3621 4.546919e-08 2.538626e-01 5.762305e-02 5.762305e-02 7.141752e-02 7.171649e-02 8.934034e-02 1.090918e-01 1.143776e-01 1.356900e-01 1.725389e-01 1.845692e-01 2.538626e-01 
363 3631 4.263683e-08 2.526574e-01 5.752101e-02 5.752101e-02 7.058928e-02 7.073434e-02 8.833793e-02 1.086262e-01 1.157259e-01 1.337958e-01 1.708306e-01 1.829160e-01 2.526574e-01 
364 3641 4.002650e-08 2.484227e-01 5.689703e-02 5.689703e-02 6.982256e-02 6.999589e-02 8.723516e-02 1.075259e-01 1.170334e-01 1.336838e-01 1.685886e-01 1.837980e-01 2.484227e-01 
365 3651 3.902227e-08 2.555551e-01 5.732781e-02 5.732781e-02 6.871139e-02 6.914324e-02 8.725476e-02 1.060123e-01 1.157058e-01 1.328188e-01 1.678077e-01 1.817470e-01 2.555551e-01 
366 3661 3.698715e-08 2.522409e-01 5.664655e-02 5.664655e-02 6.844489e-02 6.939026e-02 8.678179e-02 1.059221e-01 1.139998e-01 1.331917e-01 1.654356e-01 1.806534e-01 2.522409e-01 
367 3671 3.455167e-08 2.499078e-01 5.579774e-02 5.579774e-02 6.769384e-02 6.857413e-02 8.587446e-02 1.052610e-01 1.123778e-01 1.326078e-01 1.627323e-01 1.802201e-01 2.499078e-01 
368 3681 3.155879e-08 2.492589e-01 5.562209e-02 5.562209e-02 6.676473e-02 6.775203e-02 8.525931e-02 1.036569e-01 1.128887e-01 1.309328e-01 1.608517e-01 1.783744e-01 2.492589e-01 
369 3691 3.091272e-08 2.469091e-01 5.581987e-02 5.581987e-02 6.667066e-02 6.722145e-02 8.491287e-02 1.027907e-01 1.120088e-01 1.319545e-01 1.583083e-01 1.789532e-01 2.469091e-01 
370 3701 2.828631e-08 2.446477e-01 5.505401e-02 5.505401e-02 6.576710e-02 6.738584e-02 8.402595e-02 1.014364e-01 1.109989e-01 1.324332e-01 1.560264e-01 1.772628e-01 2.446477e-01 
371 3711 2.608147e-08 2.422763e-01 5.471944e-02 5.471944e-02 6.593490e-02 6.660723e-02 8.421148e-02 1.000358e-01 1.104751e-01 1.303573e-01 1.544717e-01 1.750610e-01 2.422763e-01 
372 3721 2.352174e-08 2.395701e-01 5.421929e-02 5.421929e-02 6.517775e-02 6.662288e-02 8.313266e-02 9.897488e-02 1.098066e-01 1.284497e-01 1.532996e-01 1.722310e-01 2.395701e-01 
373 3731 2.215351e-08 2.374482e-01 5.375441e-02 5.375441e-02 6.406830e-02 6.754847e-02 8.201851e-02 9.769329e-02 1.090147e-01 1.266218e-01 1.515376e-01 1.700377e-01 2.374482e-01 
374 3741 2.090873e-08 2.370164e-01 5.295124e-02 5.295124e-02 6.332462e-02 6.716687e-02 8.068642e-02 9.725408e-02 1.076395e-01 1.267668e-01 1.499190e-01 1.675861e-01 2.370164e-01 
375 3751 2.061633e-08 2.385276e-01 5.277040e-02 5.277040e-02 6.287364e-02 6.961862e-02 7.957549e-02 9.744293e-02 1.058853e-01 1.254433e-01 1.477618e-01 1.657263e-01 2.385276e-01 
376 3761 2.157610e-08 2.385919e-01 5.207550e-02 5.207550e-02 6.196737e-02 7.323671e-02 7.855066e-02 9.631645e-02 1.049966e-01 1.257471e-01 1.457707e-01 1.651549e-01 2.385919e-01 
377 3771 2.167313e-08 2.391698e-01 5.226643e-02 5.226643e-02 6.104043e-02 7.493200e-02 7.895930e-02 9.531945e-02 1.035127e-01 1.242963e-01 1.435066e-01 1.628819e-01 2.391698e-01 
378 3781 2.193776e-08 2.367984e-01 5.246533e-02 5.246533e-02 6.065382e-02 7.762206e-02 7.860171e-02 9.448956e-02 1.037282e-01 1.239958e-01 1.410521e-01 1.610533e-01 2.367984e-01 
379 3791 2.211913e-08 2.336203e-01 5.232452e-02 5.232452e-02 6.052229e-02 7.675697e-02 7.968782e-02 9.353445e-02 1.045142e-01 1.220610e-01 1.389426e-01 1.588342e-01 2.336203e-01 
380 3801 2.205972e-08 2.308368e-01 5.161568e-02 5.161568e-02 6.010507e-02 7.596511e-02 8.188015e-02 9.357178e-02 1.033727e-01 1.207578e-01 1.388999e-01 1.569732e-01 2.308368e-01 
381 3811 2.019463e-08 2.294880e-01 5.089350e-02 5.089350e-02 5.935038e-02 7.522752e-02 8.146067e-02 9.215887e-02 1.018910e-01 1.192577e-01 1.374708e-01 1.552152e-01 2.294880e-01 
382 3821 1.878003e-08 2.263241e-01 5.024449e-02 5.024449e-02 5.932360e-02 7.621517e-02 8.032168e-02 9.249164e-02 1.011938e-01 1.181145e-01 1.361178e-01 1.532299e-01 2.263241e-01 
383 3831 1.741161e-08 2.258407e-01 5.014209e-02 5.014209e-02 5.909387e-02 7.564503e-02 7.960446e-02 9.173936e-02 9.985318e-02 1.160702e-01 1.340652e-01 1.510870e-01 2.258407e-01 
384 3841 1.646136e-08 2.238083e-01 4.962722e-02 4.962722e-02 5.960460e-02 7.467978e-02 7.918679e-02 9.065112e-02 9.879165e-02 1.147725e-01 1.322124e-01 1.515897e-01 2.238083e-01 
385 3851 1.625296e-08 2.203317e-01 4.900246e-02 4.900246e-02 5.904401e-02 7.354170e-02 7.849248e-02 9.430427e-02 9.749033e-02 1.136458e-01 1.303859e-01 1.522808e-01 2.203317e-01 
386 3861 1.612887e-08 2.188600e-01 4.870775e-02 4.870775e-02 5.923924e-02 7.335148e-02 7.754771e-02 9.389988e-02 9.614916e-02 1.124874e-01 1.310588e-01 1.510895e-01 2.188600e-01 
387 3871 1.523602e-08 2.158866e-01 4.904428e-02 4.904428e-02 5.852048e-02 7.244939e-02 7.718953e-02 9.306795e-02 9.466544e-02 1.125984e-01 1.297411e-01 1.493456e-01 2.158866e-01 
388 3881 1.460343e-08 2.136687e-01 5.067747e-02 5.067747e-02 5.804316e-02 7.283524e-02 7.639371e-02 9.222214e-02 9.405156e-02 1.111126e-01 1.282591e-01 1.473402e-01 2.136687e-01 
389 3891 1.376109e-08 2.104840e-01 5.033983e-02 5.033983e-02 5.750129e-02 7.263455e-02 7.649483e-02 9.238687e-02 9.298948e-02 1.098383e-01 1.264929e-01 1.455729e-01 2.104840e-01 
390 3901 1.224932e-08 2.074310e-01 4.966295e-02 4.966295e-02 5.730555e-02 7.168351e-02 7.552356e-02 9.106623e-02 9.294114e-02 1.099557e-01 1.245963e-01 1.460719e-01 2.074310e-01 
391 3911 1.164159e-08 2.046083e-01 4.900140e-02 4.900140e-02 5.635706e-02 7.079949e-02 7.637983e-02 9.011602e-02 9.159575e-02 1.108696e-01 1.236775e-01 1.462866e-01 2.046083e-01 
392 3921 1.139844e-08 2.043067e-01 4.853326e-02 4.853326e-02 5.610151e-02 6.975233e-02 7.709715e-02 9.000288e-02 9.184917e-02 1.097447e-01 1.216144e-01 1.451829e-01 2.043067e-01 
393 3931 1.141126e-08 2.014386e-01 4.770352e-02 4.770352e-02 5.584608e-02 6.878748e-02 7.812346e-02 8.983067e-02 9.428822e-02 1.084555e-01 1.194727e-01 1.430350e-01 2.014386e-01 
394 3941 1.081252e-08 2.004375e-01 4.822828e-02 4.822828e-02 5.522817e-02 6.793827e-02 7.761809e-02 8.846695e-02 9.438950e-02 1.081433e-01 1.177469e-01 1.411133e-01 2.004375e-01 
395 3951 1.006724e-08 1.970613e-01 4.775241e-02 4.775241e-02 5.526128e-02 6.761950e-02 7.684964e-02 8.706974e-02 9.370842e-02 1.076303e-01 1.178692e-01 1.432379e-01 1.970613e-01 
396 3961 9.649994e-09 1.944373e-01 4.811476e-02 4.811476e-02 5.564905e-02 6.857699e-02 7.651494e-02 8.660294e-02 9.280593e-02 1.059999e-01 1.162585e-01 1.418860e-01 1.944373e-01 
397 3971 8.866988e-09 1.925608e-01 4.752373e-02 4.752373e-02 5.547764e-02 6.763135e-02 7.597682e-02 8.576057e-02 9.203976e-02 1.052248e-01 1.153818e-01 1.396650e-01 1.925608e-01 
398 3981 8.777504e-09 1.898715e-01 4.735829e-02 4.735829e-02 5.553925e-02 6.712171e-02 7.578756e-02 8.539976e-02 9.176568e-02 1.052059e-01 1.155128e-01 1.380330e-01 1.898715e-01 
399 3991 8.467072e-09 1.876646e-01 4.733097e-02 4.733097e-02 5.479018e-02 6.681114e-02 7.559327e-02 8.451007e-02 9.042739e-02 1.053454e-01 1.151820e-01 1.376606e-01 1.876646e-01 
400 4001 8.296192e-09 1.860791e-01 4.666292e-02 4.666292e-02 5.509734e-02 6.564566e-02 7.477219e-02 8.329394e-02 9.116090e-02 1.046030e-01 1.146351e-01 1.375155e-01 1.860791e-01 
401 4011 8.018908e-09 1.839584e-01 4.591180e-02 4.591180e-02 5.526493e-02 6.609250e-02 7.373298e-02 8.330183e-02 9.001996e-02 1.030911e-01 1.164092e-01 1.359430e-01 1.839584e-01 
402 4021 7.807956e-09 1.846750e-01 4.621160e-02 4.621160e-02 5.457033e-02 6.550126e-02 7.259042e-02 8.490826e-02 8.876263e-02 1.026617e-01 1.164023e-01 1.362198e-01 1.846750e-01 
403 4031 7.899268e-09 1.823044e-01 4.607583e-02 4.607583e-02 5.384049e-02 6.530989e-02 7.147841e-02 8.573915e-02 8.741758e-02 1.010901e-01 1.195664e-01 1.349876e-01 1.823044e-01 
404 4041 7.578386e-09 1.846900e-01 4.575992e-02 4.575992e-02 5.341449e-02 6.534966e-02 7.060097e-02 8.584835e-02 8.707021e-02 9.941184e-02 1.186516e-01 1.362004e-01 1.846900e-01 
405 4051 6.914843e-09 1.833222e-01 4.522907e-02 4.522907e-02 5.271145e-02 6.474582e-02 7.070943e-02 8.456857e-02 8.602447e-02 9.790114e-02 1.177909e-01 1.353644e-01 1.833222e-01 
406 4061 6.567276e-09 1.802092e-01 4.451474e-02 4.451474e-02 5.195268e-02 6.480223e-02 7.045012e-02 8.397083e-02 8.567453e-02 1.003551e-01 1.161683e-01 1.336354e-01 1.802092e-01 
407 4071 6.741539e-09 1.797770e-01 4.393222e-02 4.393222e-02 5.237792e-02 6.405683e-02 7.138071e-02 8.295516e-02 8.680002e-02 1.002997e-01 1.152131e-01 1.314859e-01 1.797770e-01 
408 4081 6.428256e-09 1.784196e-01 4.397374e-02 4.397374e-02 5.230950e-02 6.303409e-02 7.054450e-02 8.172928e-02 8.629250e-02 9.913960e-02 1.150473e-01 1.318290e-01 1.784196e-01 
409 4091 6.361497e-09 1.757535e-01 4.342617e-02 4.342617e-02 5.185378e-02 6.225769e-02 6.972922e-02 8.275316e-02 8.752432e-02 9.939440e-02 1.171078e-01 1.303583e-01 1.757535e-01 
410 4101 6.416315e-09 1.742424e-01 4.334698e-02 4.334698e-02 5.276488e-02 6.144527e-02 7.040056e-02 8.213868e-02 8.631963e-02 9.935453e-02 1.176702e-01 1.290894e-01 1.742424e-01 
411 4111 6.805971e-09 1.821030e-01 4.347842e-02 4.347842e-02 5.210195e-02 6.116986e-02 7.180633e-02 8.104322e-02 8.626432e-02 9.909743e-02 1.160900e-01 1.319952e-01 1.821030e-01 
412 4121 7.168388e-09 1.931819e-01 4.377189e-02 4.377189e-02 5.196558e-02 6.029558e-02 7.117296e-02 7.985334e-02 8.507229e-02 9.810208e-02 1.156326e-01 1.305388e-01 1.931819e-01 
413 4131 6.855396e-09 1.928814e-01 4.341393e-02 4.341393e-02 5.134635e-02 6.050493e-02 7.058027e-02 7.886996e-02 8.383774e-02 9.808737e-02 1.146475e-01 1.295079e-01 1.928814e-01 
414 4141 6.800633e-09 1.921754e-01 4.307363e-02 4.307363e-02 5.103798e-02 5.975713e-02 6.981223e-02 7.784262e-02 8.445766e-02 9.715522e-02 1.137668e-01 1.295763e-01 1.921754e-01 
415 4151 6.293480e-09 1.906354e-01 4.273749e-02 4.273749e-02 5.091075e-02 5.987535e-02 6.895415e-02 7.795559e-02 8.404016e-02 9.601632e-02 1.136930e-01 1.278946e-01 1.906354e-01 
416 4161 5.856178e-09 1.893698e-01 4.230751e-02 4.230751e-02 5.037732e-02 5.941966e-02 6.954490e-02 7.680821e-02 8.399602e-02 9.475478e-02 1.119746e-01 1.298947e-01 1.893698e-01 
417 4171 5.344181e-09 1.889209e-01 4.206913e-02 4.206913e-02 4.973750e-02 5.915519e-02 6.887727e-02 7.575471e-02 8.266337e-02 9.393708e-02 1.104524e-01 1.287063e-01 1.889209e-01 
418 4181 4.694967e-09 1.865635e-01 4.148759e-02 4.148759e-02 4.948927e-02 5.830708e-02 6.802948e-02 7.471095e-02 8.230582e-02 9.281855e-02 1.092748e-01 1.296126e-01 1.865635e-01 
419 4191 4.358725e-09 1.859349e-01 4.084420e-02 4.084420e-02 4.958482e-02 5.818493e-02 6.734203e-02 7.452268e-02 8.207855e-02 9.152180e-02 1.100032e-01 1.282389e-01 1.859349e-01 
420 4201 4.109423e-09 1.850635e-01 4.136624e-02 4.136624e-02 4.886889e-02 5.732239e-02 6.653331e-02 7.352459e-02 8.135119e-02 9.026916e-02 1.102665e-01 1.267619e-01 1.850635e-01 
421 4211 3.767403e-09 1.823122e-01 4.102617e-02 4.102617e-02 4.897793e-02 5.650516e-02 6.578875e-02 7.328702e-02 8.145811e-02 8.956119e-02 1.088515e-01 1.256072e-01 1.823122e-01 
422 4221 3.323233e-09 1.802458e-01 4.046835e-02 4.046835e-02 4.856620e-02 5.676163e-02 6.550517e-02 7.301935e-02 8.074254e-02 8.875338e-02 1.081405e-01 1.240279e-01 1.802458e-01 
423 4231 3.134956e-09 1.847237e-01 3.985198e-02 3.985198e-02 4.840699e-02 5.609317e-02 6.486729e-02 7.306313e-02 7.993315e-02 8.740846e-02 1.067950e-01 1.227423e-01 1.847237e-01 
424 4241 3.244765e-09 1.842923e-01 4.179625e-02 4.179625e-02 4.914852e-02 5.547886e-02 6.379451e-02 7.351501e-02 8.036259e-02 8.623423e-02 1.058701e-01 1.214637e-01 1.842923e-01 
425 4251 3.131783e-09 1.821673e-01 4.180337e-02 4.180337e-02 4.863474e-02 5.474024e-02 6.320294e-02 7.351087e-02 7.966950e-02 8.518445e-02 1.043173e-01 1.196093e-01 1.821673e-01 
426 4261 2.876502e-09 1.791003e-01 4.120293e-02 4.120293e-02 4.857902e-02 5.485793e-02 6.250348e-02 7.265398e-02 7.869173e-02 8.386558e-02 1.037172e-01 1.177128e-01 1.791003e-01 
427 4271 2.759218e-09 1.797166e-01 4.082128e-02 4.082128e-02 4.813100e-02 5.686722e-02 6.230171e-02 7.209720e-02 7.774283e-02 8.273716e-02 1.020084e-01 1.161592e-01 1.797166e-01 
428 4281 2.446728e-09 1.777234e-01 4.021542e-02 4.021542e-02 4.836104e-02 5.612255e-02 6.240960e-02 7.207515e-02 7.643416e-02 8.186421e-02 1.007521e-01 1.151501e-01 1.777234e-01 
429 4291 2.141357e-09 1.759901e-01 3.994388e-02 3.994388e-02 4.794126e-02 5.546906e-02 6.132395e-02 7.149250e-02 7.517883e-02 8.058632e-02 9.986124e-02 1.132382e-01 1.759901e-01 
430 4301 2.083746e-09 1.751458e-01 4.073656e-02 4.073656e-02 4.728046e-02 5.486237e-02 6.124318e-02 7.037261e-02 7.631406e-02 7.961551e-02 9.937057e-02 1.121040e-01 1.751458e-01 
431 4311 2.000015e-09 1.741799e-01 4.049409e-02 4.049409e-02 4.728723e-02 5.419150e-02 6.097739e-02 7.011110e-02 7.554640e-02 7.888549e-02 1.006719e-01 1.108665e-01 1.741799e-01 
432 4321 1.952264e-09 1.750376e-01 4.007384e-02 4.007384e-02 4.689624e-02 5.398206e-02 6.188553e-02 7.024263e-02 7.457615e-02 7.790441e-02 9.970058e-02 1.096396e-01 1.750376e-01 
433 4331 1.951142e-09 1.755507e-01 3.960296e-02 3.960296e-02 4.657952e-02 5.433269e-02 6.217154e-02 6.968878e-02 7.401886e-02 7.682945e-02 1.003624e-01 1.089487e-01 1.755507e-01 
434 4341 1.826063e-09 1.740839e-01 3.907258e-02 3.907258e-02 4.617155e-02 5.389514e-02 6.154601e-02 6.874282e-02 7.301890e-02 7.573402e-02 9.999670e-02 1.079443e-01 1.740839e-01 
435 4351 1.765274e-09 1.734870e-01 3.923300e-02 3.923300e-02 4.550480e-02 5.329088e-02 6.126457e-02 6.752041e-02 7.208600e-02 7.491350e-02 9.999446e-02 1.064735e-01 1.734870e-01 
436 4361 1.595841e-09 1.727840e-01 3.924603e-02 3.924603e-02 4.487860e-02 5.310050e-02 6.039756e-02 6.649920e-02 7.088599e-02 7.437434e-02 9.930770e-02 1.056215e-01 1.727840e-01 
437 4371 1.489933e-09 1.707348e-01 3.932995e-02 3.932995e-02 4.482389e-02 5.254129e-02 6.017134e-02 6.550327e-02 6.978396e-02 7.430808e-02 9.768186e-02 1.044479e-01 1.707348e-01 
438 4381 1.379534e-09 1.714301e-01 3.921997e-02 3.921997e-02 4.452657e-02 5.243300e-02 5.941392e-02 6.480697e-02 6.914589e-02 7.380832e-02 9.627643e-02 1.029409e-01 1.714301e-01 
439 4391 1.299488e-09 1.706587e-01 3.869599e-02 3.869599e-02 4.402266e-02 5.189382e-02 5.876747e-02 6.387567e-02 6.866291e-02 7.342937e-02 9.795631e-02 1.029066e-01 1.706587e-01 
440 4401 1.264896e-09 1.746341e-01 3.947180e-02 3.947180e-02 4.358658e-02 5.113623e-02 5.821724e-02 6.356476e-02 6.789564e-02 7.269512e-02 9.725410e-02 1.026408e-01 1.746341e-01 
441 4411 1.236355e-09 1.732928e-01 3.906422e-02 3.906422e-02 4.287434e-02 5.085911e-02 5.766756e-02 6.407240e-02 6.734521e-02 7.230726e-02 9.953870e-02 1.019832e-01 1.732928e-01 
442 4421 1.233473e-09 1.724347e-01 3.857091e-02 3.857091e-02 4.229688e-02 5.127697e-02 5.743090e-02 6.364466e-02 6.625154e-02 7.463280e-02 9.905079e-02 1.015143e-01 1.724347e-01 
443 4431 1.296751e-09 1.735517e-01 3.864393e-02 3.864393e-02 4.166167e-02 5.069288e-02 5.727028e-02 6.398690e-02 6.525883e-02 7.446926e-02 9.983165e-02 1.014451e-01 1.735517e-01 
444 4441 1.340510e-09 1.756704e-01 3.836063e-02 3.836063e-02 4.190748e-02 4.994369e-02 5.702783e-02 6.327002e-02 6.438021e-02 7.452829e-02 9.852250e-02 1.009238e-01 1.756704e-01 
445 4451 1.245082e-09 1.750116e-01 3.791271e-02 3.791271e-02 4.134947e-02 4.934932e-02 5.656712e-02 6.281705e-02 6.381717e-02 7.436381e-02 9.787015e-02 1.006480e-01 1.750116e-01 
446 4461 1.224807e-09 1.738745e-01 3.804883e-02 3.804883e-02 4.100635e-02 4.870336e-02 5.641503e-02 6.267891e-02 6.442925e-02 7.340953e-02 9.675590e-02 9.950730e-02 1.738745e-01 
447 4471 1.247259e-09 1.732137e-01 3.793355e-02 3.793355e-02 4.155560e-02 4.796425e-02 5.574713e-02 6.187241e-02 6.390445e-02 7.261248e-02 9.581639e-02 1.040229e-01 1.732137e-01 
448 4481 1.199110e-09 1.711007e-01 3.746197e-02 3.746197e-02 4.229993e-02 4.722911e-02 5.484767e-02 6.098906e-02 6.336662e-02 7.171782e-02 9.456405e-02 1.042455e-01 1.711007e-01 
449 4491 1.123059e-09 1.702277e-01 3.694826e-02 3.694826e-02 4.209983e-02 4.764673e-02 5.398874e-02 6.015318e-02 6.246419e-02 7.138516e-02 9.367864e-02 1.037392e-01 1.702277e-01 
450 4501 1.073597e-09 1.694204e-01 3.637882e-02 3.637882e-02 4.218648e-02 4.801020e-02 5.361343e-02 5.945822e-02 6.391266e-02 7.080257e-02 9.239544e-02 1.038991e-01 1.694204e-01 
451 4511 1.063038e-09 1.702116e-01 3.587190e-02 3.587190e-02 4.182674e-02 4.804153e-02 5.277754e-02 5.882180e-02 6.421974e-02 7.054920e-02 9.117791e-02 1.025910e-01 1.702116e-01 
452 4521 1.005342e-09 1.697347e-01 3.572709e-02 3.572709e-02 4.152204e-02 4.749203e-02 5.213370e-02 5.814216e-02 6.378615e-02 6.991499e-02 9.018569e-02 1.038509e-01 1.697347e-01 
453 4531 9.500173e-10 1.672395e-01 3.578544e-02 3.578544e-02 4.132429e-02 4.725899e-02 5.145185e-02 5.736871e-02 6.423102e-02 7.071269e-02 8.951923e-02 1.027821e-01 1.672395e-01 
454 4541 8.783909e-10 1.651737e-01 3.577729e-02 3.577729e-02 4.093312e-02 4.692122e-02 5.204481e-02 5.752414e-02 6.417540e-02 7.043633e-02 8.906644e-02 1.011156e-01 1.651737e-01 
455 4551 7.589439e-10 1.637493e-01 3.550613e-02 3.550613e-02 4.029278e-02 4.634896e-02 5.188022e-02 5.716070e-02 6.384979e-02 7.005305e-02 8.781123e-02 9.944842e-02 1.637493e-01 
456 4561 6.969994e-10 1.621857e-01 3.517732e-02 3.517732e-02 3.966051e-02 4.611018e-02 5.115484e-02 5.627740e-02 6.482950e-02 6.981468e-02 8.714594e-02 9.798206e-02 1.621857e-01 
457 4571 6.751655e-10 1.610200e-01 3.469159e-02 3.469159e-02 3.951851e-02 4.547633e-02 5.047256e-02 5.611008e-02 6.398069e-02 7.090321e-02 8.653600e-02 9.688267e-02 1.610200e-01 
458 4581 6.497427e-10 1.596834e-01 3.424917e-02 3.424917e-02 4.008455e-02 4.473417e-02 4.970808e-02 5.558570e-02 6.308011e-02 7.141064e-02 8.594966e-02 9.584708e-02 1.596834e-01 
459 4591 6.059816e-10 1.577233e-01 3.397306e-02 3.397306e-02 3.971542e-02 4.444348e-02 4.926848e-02 5.484250e-02 6.255995e-02 7.157705e-02 8.453922e-02 9.447073e-02 1.577233e-01 
460 4601 5.542563e-10 1.552599e-01 3.381986e-02 3.381986e-02 3.931360e-02 4.397993e-02 4.902301e-02 5.421000e-02 6.150115e-02 7.228088e-02 8.362621e-02 9.378297e-02 1.552599e-01 
461 4611 5.023676e-10 1.534343e-01 3.394862e-02 3.394862e-02 3.890546e-02 4.342135e-02 4.849869e-02 5.353175e-02 6.115849e-02 7.122887e-02 8.294293e-02 9.309788e-02 1.534343e-01 
462 4621 4.648533e-10 1.509142e-01 3.353792e-02 3.353792e-02 3.874855e-02 4.279123e-02 4.821242e-02 5.278603e-02 6.119588e-02 7.095120e-02 8.254112e-02 9.351237e-02 1.509142e-01 
463 4631 4.700461e-10 1.493377e-01 3.328352e-02 3.328352e-02 3.841011e-02 4.352680e-02 4.771728e-02 5.205630e-02 6.022871e-02 7.028236e-02 8.152507e-02 9.738026e-02 1.493377e-01 
464 4641 4.300616e-10 1.476979e-01 3.278334e-02 3.278334e-02 3.806286e-02 4.306960e-02 4.715786e-02 5.131714e-02 6.060206e-02 6.971915e-02 8.126391e-02 9.689857e-02 1.476979e-01 
465 4651 3.793999e-10 1.465578e-01 3.242910e-02 3.242910e-02 3.748456e-02 4.253712e-02 4.678875e-02 5.095347e-02 5.985733e-02 6.875761e-02 8.026051e-02 9.559867e-02 1.465578e-01 
466 4661 3.612805e-10 1.448101e-01 3.251743e-02 3.251743e-02 3.700960e-02 4.197343e-02 4.613856e-02 5.206045e-02 5.907059e-02 6.776023e-02 7.905860e-02 9.405851e-02 1.448101e-01 
467 4671 3.223981e-10 1.429182e-01 3.225757e-02 3.225757e-02 3.705704e-02 4.166108e-02 4.541787e-02 5.168195e-02 5.868365e-02 6.742273e-02 7.775916e-02 9.280268e-02 1.429182e-01 
468 4681 3.110351e-10 1.430016e-01 3.204237e-02 3.204237e-02 3.663805e-02 4.111789e-02 4.466031e-02 5.251074e-02 5.830567e-02 6.670102e-02 7.643540e-02 9.256114e-02 1.430016e-01 
469 4691 3.226621e-10 1.411077e-01 3.350382e-02 3.350382e-02 3.626293e-02 4.059363e-02 4.437320e-02 5.211520e-02 5.821901e-02 6.561541e-02 7.543710e-02 9.345753e-02 1.411077e-01 
470 4701 3.280787e-10 1.393240e-01 3.346556e-02 3.346556e-02 3.632128e-02 4.162523e-02 4.380173e-02 5.156471e-02 5.763497e-02 6.532482e-02 7.485722e-02 9.259981e-02 1.393240e-01 
471 4711 3.161502e-10 1.372977e-01 3.314670e-02 3.314670e-02 3.576446e-02 4.165558e-02 4.376770e-02 5.096694e-02 5.735473e-02 6.456440e-02 7.476671e-02 9.200279e-02 1.372977e-01 
472 4721 3.065335e-10 1.366094e-01 3.263264e-02 3.263264e-02 3.561831e-02 4.151901e-02 4.443023e-02 5.038540e-02 5.656823e-02 6.413954e-02 7.424159e-02 9.081667e-02 1.366094e-01 
473 4731 2.864108e-10 1.364302e-01 3.217994e-02 3.217994e-02 3.520113e-02 4.111203e-02 4.397737e-02 4.961900e-02 5.666921e-02 6.315837e-02 7.362661e-02 8.990466e-02 1.364302e-01 
474 4741 2.790444e-10 1.357012e-01 3.210633e-02 3.210633e-02 3.572117e-02 4.063002e-02 4.476179e-02 5.032089e-02 5.597592e-02 6.274035e-02 7.315779e-02 8.929170e-02 1.357012e-01 
475 4751 2.660139e-10 1.348986e-01 3.252163e-02 3.252163e-02 3.536010e-02 4.022822e-02 4.489349e-02 4.969557e-02 5.510861e-02 6.223211e-02 7.345172e-02 8.826382e-02 1.348986e-01 
476 4761 2.621893e-10 1.341714e-01 3.246904e-02 3.246904e-02 3.484659e-02 3.984339e-02 4.451044e-02 4.937555e-02 5.633342e-02 6.134346e-02 7.254134e-02 8.783561e-02 1.341714e-01 
477 4771 2.679210e-10 1.328336e-01 3.228699e-02 3.228699e-02 3.476006e-02 3.931701e-02 4.408444e-02 4.905945e-02 5.856710e-02 6.097307e-02 7.230435e-02 8.768265e-02 1.328336e-01 
478 4781 2.504669e-10 1.310135e-01 3.195956e-02 3.195956e-02 3.427935e-02 3.944249e-02 4.359549e-02 4.867653e-02 5.833256e-02 6.076160e-02 7.147850e-02 8.662251e-02 1.310135e-01 
479 4791 2.249816e-10 1.304086e-01 3.145419e-02 3.145419e-02 3.387474e-02 3.926138e-02 4.298433e-02 4.828754e-02 5.752474e-02 6.036572e-02 7.044028e-02 8.716484e-02 1.304086e-01 
480 4801 2.000834e-10 1.285686e-01 3.105856e-02 3.105856e-02 3.357176e-02 3.863204e-02 4.271404e-02 4.764212e-02 5.676830e-02 5.962489e-02 6.990414e-02 8.609024e-02 1.285686e-01 
481 4811 1.891870e-10 1.289382e-01 3.086922e-02 3.086922e-02 3.320919e-02 3.802841e-02 4.223672e-02 4.739755e-02 5.624031e-02 5.991060e-02 6.933297e-02 8.593317e-02 1.289382e-01 
482 4821 1.869672e-10 1.270606e-01 3.067100e-02 3.067100e-02 3.298431e-02 3.759875e-02 4.225726e-02 4.742969e-02 5.583833e-02 6.063896e-02 6.911781e-02 8.532600e-02 1.270606e-01 
483 4831 1.754193e-10 1.253185e-01 3.053050e-02 3.053050e-02 3.320361e-02 3.756965e-02 4.190232e-02 4.699437e-02 5.511447e-02 6.027871e-02 6.845096e-02 8.568275e-02 1.253185e-01 
484 4841 1.616286e-10 1.253699e-01 3.051477e-02 3.051477e-02 3.314112e-02 3.734356e-02 4.136103e-02 4.636709e-02 5.464448e-02 5.982351e-02 6.762431e-02 8.459689e-02 1.253699e-01 
485 4851 1.537577e-10 1.233465e-01 3.043618e-02 3.043618e-02 3.275571e-02 3.739344e-02 4.074874e-02 4.569344e-02 5.428914e-02 5.906469e-02 6.957073e-02 8.346317e-02 1.233465e-01 
486 4861 1.454345e-10 1.219082e-01 3.010835e-02 3.010835e-02 3.249969e-02 3.731816e-02 4.127755e-02 4.511997e-02 5.356923e-02 5.831878e-02 6.923561e-02 8.254450e-02 1.219082e-01 
487 4871 1.410520e-10 1.209119e-01 3.002973e-02 3.002973e-02 3.206847e-02 3.763437e-02 4.129038e-02 4.456110e-02 5.545042e-02 5.818907e-02 6.930920e-02 8.212945e-02 1.209119e-01 
488 4881 1.299678e-10 1.202352e-01 3.005338e-02 3.005338e-02 3.160471e-02 3.727029e-02 4.098467e-02 4.427772e-02 5.484050e-02 5.734486e-02 6.870913e-02 8.264831e-02 1.202352e-01 
489 4891 1.204989e-10 1.183957e-01 2.971147e-02 2.971147e-02 3.149797e-02 3.719648e-02 4.048858e-02 4.370192e-02 5.458285e-02 5.710798e-02 6.769282e-02 8.230559e-02 1.183957e-01 
490 4901 1.159492e-10 1.173400e-01 2.926665e-02 2.926665e-02 3.131320e-02 3.707848e-02 4.024673e-02 4.308073e-02 5.395841e-02 5.638666e-02 6.658069e-02 8.391447e-02 1.173400e-01 
491 4911 1.108671e-10 1.163327e-01 2.921226e-02 2.921226e-02 3.149439e-02 3.670927e-02 4.030124e-02 4.269208e-02 5.327231e-02 5.655327e-02 6.558781e-02 8.350801e-02 1.163327e-01 
492 4921 1.164361e-10 1.162895e-01 2.974618e-02 2.974618e-02 3.196523e-02 3.619427e-02 4.049483e-02 4.413526e-02 5.284346e-02 5.572960e-02 6.501952e-02 8.328025e-02 1.162895e-01 
493 4931 1.240201e-10 1.151724e-01 2.937861e-02 2.937861e-02 3.178765e-02 3.591995e-02 4.010241e-02 4.463390e-02 5.349002e-02 5.511045e-02 6.430318e-02 8.483178e-02 1.151724e-01 
494 4941 1.200865e-10 1.136191e-01 2.894207e-02 2.894207e-02 3.243945e-02 3.545502e-02 3.961567e-02 4.435817e-02 5.308704e-02 5.704734e-02 6.354654e-02 8.419864e-02 1.136191e-01 
495 4951 1.177895e-10 1.167361e-01 2.851378e-02 2.851378e-02 3.214851e-02 3.534851e-02 3.938288e-02 4.394008e-02 5.266251e-02 5.688185e-02 6.362640e-02 8.294339e-02 1.167361e-01 
496 4961 1.194671e-10 1.155376e-01 2.823572e-02 2.823572e-02 3.245104e-02 3.476257e-02 3.978738e-02 4.439108e-02 5.184560e-02 5.624522e-02 6.306990e-02 8.276784e-02 1.155376e-01 
497 4971 1.203309e-10 1.141985e-01 2.800773e-02 2.800773e-02 3.227367e-02 3.442785e-02 4.063076e-02 4.404206e-02 5.141175e-02 5.691138e-02 6.221758e-02 8.319944e-02 1.141985e-01 
498 4981 1.187631e-10 1.135081e-01 2.771497e-02 2.771497e-02 3.212371e-02 3.411151e-02 4.026340e-02 4.393535e-02 5.292551e-02 5.723490e-02 6.160567e-02 8.253870e-02 1.135081e-01 
499 4991 1.138951e-10 1.121212e-01 2.766186e-02 2.766186e-02 3.185693e-02 3.432045e-02 4.066389e-02 4.402639e-02 5.222169e-02 5.674202e-02 6.076419e-02 8.324936e-02 1.121212e-01 
500 5001 1.069123e-10 1.108414e-01 2.752019e-02 2.752019e-02 3.159576e-02 3.384095e-02 4.035093e-02 4.400376e-02 5.149469e-02 5.628606e-02 6.034289e-02 8.296443e-02 1.108414e-01 
501 5011 1.016536e-10 1.108289e-01 2.715404e-02 2.715404e-02 3.135338e-02 3.344920e-02 4.077309e-02 4.380203e-02 5.103992e-02 5.592724e-02 6.027947e-02 8.204476e-02 1.108289e-01 
502 5021 9.525348e-11 1.091860e-01 2.784644e-02 2.784644e-02 3.139110e-02 3.297491e-02 4.021704e-02 4.320667e-02 5.060569e-02 5.531561e-02 6.007860e-02 8.144634e-02 1.091860e-01 
503 5031 8.896289e-11 1.077918e-01 2.750093e-02 2.750093e-02 3.121963e-02 3.296210e-02 4.005177e-02 4.250822e-02 5.015308e-02 5.449386e-02 5.934632e-02 8.091255e-02 1.077918e-01 
504 5041 8.262707e-11 1.082745e-01 2.729738e-02 2.729738e-02 3.083734e-02 3.256056e-02 3.979948e-02 4.185775e-02 4.972931e-02 5.477182e-02 5.849328e-02 7.974504e-02 1.082745e-01 
505 5051 8.340145e-11 1.090772e-01 2.800212e-02 2.800212e-02 3.055316e-02 3.224569e-02 4.017020e-02 4.122958e-02 4.919582e-02 5.567190e-02 5.755004e-02 7.850081e-02 1.090772e-01 
506 5061 8.313197e-11 1.092597e-01 2.781679e-02 2.781679e-02 3.011928e-02 3.202531e-02 4.006702e-02 4.087263e-02 4.923141e-02 5.517145e-02 5.786192e-02 7.741965e-02 1.092597e-01 
507 5071 8.086748e-11 1.090506e-01 2.744521e-02 2.744521e-02 3.002294e-02 3.162522e-02 3.955202e-02 4.109484e-02 4.858874e-02 5.599184e-02 5.784122e-02 7.728370e-02 1.090506e-01 
508 5081 7.798996e-11 1.083114e-01 2.731667e-02 2.731667e-02 2.963808e-02 3.117416e-02 3.986340e-02 4.126667e-02 4.961476e-02 5.555532e-02 5.727922e-02 7.599365e-02 1.083114e-01 
509 5091 7.109750e-11 1.073850e-01 2.698391e-02 2.698391e-02 2.922171e-02 3.073100e-02 3.923794e-02 4.089952e-02 4.928316e-02 5.526589e-02 5.654946e-02 7.565395e-02 1.073850e-01 
510 5101 6.910428e-11 1.058955e-01 2.725424e-02 2.725424e-02 2.879850e-02 3.087018e-02 3.875373e-02 4.093141e-02 4.867995e-02 5.466938e-02 5.728804e-02 7.551767e-02 1.058955e-01 
511 5111 7.008592e-11 1.041135e-01 2.708195e-02 2.708195e-02 2.888514e-02 3.116519e-02 3.896828e-02 4.176306e-02 4.800771e-02 5.408335e-02 5.712747e-02 7.453387e-02 1.041135e-01 
512 5121 6.524164e-11 1.034141e-01 2.713665e-02 2.713665e-02 2.860297e-02 3.111359e-02 3.885011e-02 4.162247e-02 4.748160e-02 5.367200e-02 5.659242e-02 7.343767e-02 1.034141e-01 
513 5131 6.062169e-11 1.022402e-01 2.694870e-02 2.694870e-02 2.833889e-02 3.080661e-02 3.829361e-02 4.219013e-02 4.742647e-02 5.298632e-02 5.580709e-02 7.306883e-02 1.022402e-01 
514 5141 5.844105e-11 1.007032e-01 2.653135e-02 2.653135e-02 2.869361e-02 3.036075e-02 3.815793e-02 4.180248e-02 4.693624e-02 5.291180e-02 5.536070e-02 7.322132e-02 1.007032e-01 
515 5151 5.917283e-11 9.930816e-02 2.644503e-02 2.644503e-02 2.904565e-02 3.038791e-02 3.805203e-02 4.173701e-02 4.700228e-02 5.219281e-02 5.452081e-02 7.266527e-02 9.930816e-02 
516 5161 5.447387e-11 9.852462e-02 2.620465e-02 2.620465e-02 2.871794e-02 2.995143e-02 3.820745e-02 4.118775e-02 4.643541e-02 5.151288e-02 5.433374e-02 7.198452e-02 9.852462e-02 
517 5171 4.685598e-11 9.755006e-02 2.584628e-02 2.584628e-02 2.844144e-02 2.948973e-02 3.808562e-02 4.061292e-02 4.612885e-02 5.130046e-02 5.359065e-02 7.134452e-02 9.755006e-02 
518 5181 4.221146e-11 9.659078e-02 2.557679e-02 2.557679e-02 2.829301e-02 2.907095e-02 3.757214e-02 4.122549e-02 4.558774e-02 5.058611e-02 5.304030e-02 7.041886e-02 9.659078e-02 
